"(Background Information, Full Name)","(Background Information, Position)","(Background Information, Year of Birth)","('Playing Time', 'MP')","('Playing Time', 'Starts')","('Playing Time', 'Min')","('Playing Time', '90s')","('Performance', 'Gls')","('Performance', 'Ast')","('Performance', 'G+A')","('Performance', 'G-PK')","('Performance', 'PK')","('Performance', 'PKatt')","('Performance', 'CrdY')","('Performance', 'CrdR')","('Expected', 'xG')","('Expected', 'npxG')","('Expected', 'xAG')","('Expected', 'npxG+xAG')","('Progression', 'PrgC')","('Progression', 'PrgP')","('Progression', 'PrgR')","('Per 90 Minutes', 'Gls')","('Per 90 Minutes', 'Ast')","('Per 90 Minutes', 'G+A')","('Per 90 Minutes', 'G-PK')","('Per 90 Minutes', 'G+A-PK')","('Per 90 Minutes', 'xG')","('Per 90 Minutes', 'xAG')","('Per 90 Minutes', 'xG+xAG')","('Per 90 Minutes', 'npxG')","('Per 90 Minutes', 'npxG+xAG')"
Francesco Acerbi,DF,1988,20,18,1642,18.2,2,1,3,2,0,0,1,0,1.0,1.0,1.7,2.7,13,54,17,0.11,0.05,0.16,0.11,0.16,0.06,0.09,0.15,0.06,0.15
Yacine Adli,MF,2000,16,12,994,11.0,1,0,1,1,0,0,2,0,0.3,0.3,0.5,0.8,21,83,15,0.09,0.00,0.09,0.09,0.09,0.03,0.04,0.07,0.03,0.07
Michel Aebischer,MF,1997,25,17,1457,16.2,0,1,1,0,0,0,6,0,0.5,0.5,1.2,1.7,17,87,31,0.00,0.06,0.06,0.00,0.06,0.03,0.07,0.10,0.03,0.10
Lucien Agoume,MF,2002,1,0,5,0.1,0,0,0,0,0,0,0,0,0.0,0.0,0.0,0.0,0,0,0,0.00,0.00,0.00,0.00,0.00,0.00,0.00,0.00,0.00,0.00
Marley Aké,FW,2001,1,0,10,0.1,0,0,0,0,0,0,0,0,0.0,0.0,0.0,0.0,0,0,0,0.00,0.00,0.00,0.00,0.00,0.00,0.00,0.00,0.00,0.00
Ebenezer Akinsanmiro,MF,2004,1,0,15,0.2,0,0,0,0,0,0,0,0,0.0,0.0,0.0,0.0,0,2,0,0.00,0.00,0.00,0.00,0.00,0.00,0.23,0.23,0.00,0.23
Jean-Daniel Akpa-Akpro,MF,1992,11,3,310,3.4,0,0,0,0,0,0,3,0,0.4,0.4,0.1,0.5,1,6,8,0.00,0.00,0.00,0.00,0.00,0.12,0.02,0.14,0.12,0.14
Luis Alberto,MF,1992,23,22,1732,19.2,4,4,8,4,0,0,6,0,3.0,3.0,2.9,5.8,61,160,83,0.21,0.21,0.42,0.21,0.42,0.15,0.15,0.30,0.15,0.30
Carlos Alcaraz,MF,2002,3,0,88,1.0,0,0,0,0,0,0,0,0,0.2,0.2,0.1,0.2,6,15,3,0.00,0.00,0.00,0.00,0.00,0.15,0.08,0.23,0.15,0.23
Pontus Almqvist,FW,1999,20,18,1549,17.2,2,0,2,2,0,0,3,0,1.7,1.7,1.3,3.1,61,25,111,0.12,0.00,0.12,0.12,0.12,0.10,0.08,0.18,0.10,0.18
Lorenzo Amatucci,MF,2004,2,0,22,0.2,0,0,0,0,0,0,0,0,0.0,0.0,0.0,0.0,1,2,1,0.00,0.00,0.00,0.00,0.00,0.04,0.00,0.04,0.04,0.04
Bruno Amione,DF,2002,10,7,579,6.4,0,0,0,0,0,0,2,0,0.3,0.3,0.0,0.3,2,17,2,0.00,0.00,0.00,0.00,0.00,0.05,0.01,0.05,0.05,0.05
Felipe Anderson,FW,1993,26,23,1929,21.4,3,6,9,3,0,0,2,0,2.7,2.7,3.9,6.6,76,77,159,0.14,0.28,0.42,0.14,0.42,0.12,0.18,0.31,0.12,0.31
Angeliño,DF,1997,4,4,261,2.9,0,0,0,0,0,0,0,0,0.0,0.0,0.4,0.4,1,6,7,0.00,0.00,0.00,0.00,0.00,0.00,0.15,0.15,0.00,0.15
Houssem Aouar,MF,1998,11,5,449,5.0,2,0,2,2,0,0,3,0,1.2,1.2,0.3,1.6,12,16,18,0.40,0.00,0.40,0.40,0.40,0.24,0.07,0.31,0.24,0.31
Marko Arnautović,FW,1989,18,2,478,5.3,2,3,5,2,0,0,0,0,3.4,3.4,2.5,5.8,5,12,49,0.38,0.56,0.94,0.38,0.94,0.64,0.46,1.11,0.64,1.11
Kristjan Asllani,MF,2002,14,2,334,3.7,0,2,2,0,0,0,1,0,0.3,0.3,0.8,1.1,1,12,4,0.00,0.54,0.54,0.00,0.54,0.09,0.21,0.30,0.08,0.29
Emil Audero,GK,1997,1,1,90,1.0,0,0,0,0,0,0,0,0,0.0,0.0,0.0,0.0,0,0,0,0.00,0.00,0.00,0.00,0.00,0.00,0.00,0.00,0.00,0.00
Tommaso Augello,DF,1994,21,17,1508,16.8,0,1,1,0,0,0,2,0,0.2,0.2,1.5,1.6,46,59,73,0.00,0.06,0.06,0.00,0.06,0.01,0.09,0.10,0.01,0.10
Yann Aurel Bisseck,DF,2000,10,5,481,5.3,1,0,1,1,0,0,0,0,0.4,0.4,0.5,0.9,13,24,10,0.19,0.00,0.19,0.19,0.19,0.08,0.09,0.17,0.08,0.17
Sardar Azmoun,"FW,MF",1995,16,2,405,4.5,2,0,2,2,0,0,3,0,2.0,2.0,1.1,3.1,4,12,29,0.44,0.00,0.44,0.44,0.44,0.44,0.24,0.68,0.44,0.68
Paulo Azzi,"DF,MF",1994,17,9,836,9.3,0,0,0,0,0,0,1,0,1.0,1.0,0.4,1.4,40,31,39,0.00,0.00,0.00,0.00,0.00,0.11,0.04,0.15,0.11,0.15
Oussama El Azzouzi,MF,2001,12,2,303,3.4,1,1,2,1,0,0,3,0,0.4,0.4,0.4,0.8,3,13,6,0.30,0.30,0.59,0.30,0.59,0.12,0.12,0.23,0.12,0.23
Milan Badelj,MF,1989,22,22,1724,19.2,0,3,3,0,0,0,5,0,0.7,0.7,0.8,1.5,12,99,16,0.00,0.16,0.16,0.00,0.16,0.04,0.04,0.08,0.04,0.08
Jaime Báez,"FW,MF",1995,10,6,499,5.5,1,0,1,1,0,0,1,0,0.5,0.5,0.5,1.0,12,29,39,0.18,0.00,0.18,0.18,0.18,0.08,0.10,0.18,0.08,0.18
Player,Pos,Born,MP,Starts,Min,90s,Gls,Ast,G+A,G-PK,PK,PKatt,CrdY,CrdR,xG,npxG,xAG,npxG+xAG,PrgC,PrgP,PrgR,Gls,Ast,G+A,G-PK,G+A-PK,xG,xAG,xG+xAG,npxG,npxG+xAG
Nedim Bajrami,"MF,FW",1999,20,11,934,10.4,1,1,2,1,0,0,0,0,1.6,1.6,1.3,2.8,37,36,52,0.10,0.10,0.19,0.10,0.19,0.15,0.12,0.27,0.15,0.27
Mitchel Bakker,DF,2000,9,2,245,2.7,1,0,1,1,0,0,0,0,0.1,0.1,0.1,0.2,9,7,12,0.37,0.00,0.37,0.37,0.37,0.05,0.03,0.08,0.05,0.08
Tommaso Baldanzi,"MF,FW",2003,14,8,745,8.3,2,0,2,2,0,0,1,0,2.1,2.1,1.0,3.1,20,30,40,0.24,0.00,0.24,0.24,0.24,0.25,0.13,0.38,0.25,0.38
Tommaso Baldanzi,"FW,MF",2003,3,1,113,1.3,0,0,0,0,0,0,0,0,0.1,0.1,0.1,0.2,3,3,9,0.00,0.00,0.00,0.00,0.00,0.05,0.08,0.13,0.05,0.13
Lameck Banda,FW,2001,17,14,1140,12.7,2,4,6,2,0,0,4,1,2.9,2.9,1.8,4.7,63,22,122,0.16,0.32,0.47,0.16,0.47,0.23,0.15,0.37,0.23,0.37
Daniel Bandeira,"MF,FW",2000,5,1,132,1.5,0,0,0,0,0,0,0,0,0.0,0.0,0.0,0.0,3,3,1,0.00,0.00,0.00,0.00,0.00,0.00,0.01,0.01,0.00,0.01
Mattia Bani,DF,1993,21,21,1772,19.7,2,0,2,2,0,0,8,0,1.2,1.2,0.1,1.2,4,27,4,0.10,0.00,0.10,0.10,0.10,0.06,0.00,0.06,0.06,0.06
Antonín Barák,MF,1994,11,2,250,2.8,1,0,1,1,0,0,1,0,0.4,0.4,0.0,0.5,9,10,24,0.36,0.00,0.36,0.36,0.36,0.15,0.01,0.17,0.15,0.17
Nicolò Barella,MF,1997,24,22,1847,20.5,2,3,5,2,0,0,4,0,3.3,3.3,2.5,5.8,43,195,99,0.10,0.15,0.24,0.10,0.24,0.16,0.12,0.28,0.16,0.28
Enzo Barrenechea,MF,2001,25,22,1902,21.1,0,1,1,0,0,0,8,0,0.4,0.4,1.3,1.7,8,105,18,0.00,0.05,0.05,0.00,0.05,0.02,0.06,0.08,0.02,0.08
Davide Bartesaghi,"DF,MF",2005,5,0,70,0.8,0,0,0,0,0,0,0,0,0.0,0.0,0.0,0.0,1,3,4,0.00,0.00,0.00,0.00,0.00,0.00,0.00,0.00,0.00,0.00
Federico Baschirotto,DF,1996,25,25,2214,24.6,0,1,1,0,0,0,1,1,1.1,0.8,0.7,1.5,18,63,2,0.00,0.04,0.04,0.00,0.04,0.04,0.03,0.07,0.03,0.06
Toma Bašić,MF,1996,6,6,470,5.2,0,0,0,0,0,0,2,0,0.0,0.0,0.2,0.3,8,18,4,0.00,0.00,0.00,0.00,0.00,0.01,0.04,0.05,0.01,0.05
Alessandro Bastoni,DF,1999,19,19,1549,17.2,1,0,1,1,0,0,4,0,1.0,1.0,2.7,3.7,39,92,61,0.06,0.00,0.06,0.06,0.06,0.06,0.16,0.21,0.06,0.21
Simone Bastoni,"DF,MF",1996,9,3,365,4.1,1,0,1,1,0,0,2,0,0.2,0.2,0.3,0.5,6,12,15,0.25,0.00,0.25,0.25,0.25,0.04,0.08,0.12,0.04,0.12
Reda Belahyane,MF,2004,1,0,17,0.2,0,0,0,0,0,0,0,0,0.0,0.0,0.0,0.0,1,0,0,0.00,0.00,0.00,0.00,0.00,0.14,0.00,0.14,0.14,0.14
Raoul Bellanova,"DF,MF",2000,25,24,2048,22.8,1,5,6,1,0,0,5,0,1.7,1.7,3.3,5.0,100,72,145,0.04,0.22,0.26,0.04,0.26,0.07,0.15,0.22,0.07,0.22
Andrea Belotti,FW,1993,5,4,367,4.1,1,0,1,1,0,0,0,0,1.0,1.0,0.2,1.2,7,7,21,0.25,0.00,0.25,0.25,0.25,0.24,0.06,0.30,0.24,0.30
Andrea Belotti,FW,1993,14,6,679,7.5,3,2,5,3,0,0,1,0,2.4,2.4,1.2,3.6,15,8,49,0.40,0.27,0.66,0.40,0.66,0.32,0.16,0.48,0.32,0.48
Lucas Beltrán,"FW,MF",2001,23,16,1274,14.2,6,1,7,5,1,1,4,0,3.3,2.5,1.4,3.9,6,33,84,0.42,0.07,0.49,0.35,0.42,0.23,0.10,0.33,0.17,0.28
Ismaël Bennacer,MF,1997,9,5,423,4.7,0,1,1,0,0,0,1,0,0.3,0.3,0.8,1.1,11,24,11,0.00,0.21,0.21,0.00,0.21,0.06,0.17,0.24,0.06,0.24
Domenico Berardi,FW,1994,16,16,1372,15.2,9,3,12,4,5,5,6,0,6.5,2.5,2.9,5.4,34,78,118,0.59,0.20,0.79,0.26,0.46,0.42,0.19,0.61,0.16,0.35
Bartosz Bereszyński,DF,1992,13,12,869,9.7,0,1,1,0,0,0,2,0,0.0,0.0,0.2,0.2,9,40,15,0.00,0.10,0.10,0.00,0.10,0.00,0.02,0.03,0.00,0.03
Etrit Berisha,GK,1989,14,14,1260,14.0,0,0,0,0,0,0,0,0,0.0,0.0,0.0,0.0,0,0,0,0.00,0.00,0.00,0.00,0.00,0.00,0.00,0.00,0.00,0.00
Medon Berisha,MF,2003,1,0,12,0.1,0,0,0,0,0,0,0,0,0.0,0.0,0.0,0.0,0,0,0,0.00,0.00,0.00,0.00,0.00,0.00,0.00,0.00,0.00,0.00
Player,Pos,Born,MP,Starts,Min,90s,Gls,Ast,G+A,G-PK,PK,PKatt,CrdY,CrdR,xG,npxG,xAG,npxG+xAG,PrgC,PrgP,PrgR,Gls,Ast,G+A,G-PK,G+A-PK,xG,xAG,xG+xAG,npxG,npxG+xAG
Victor Bernth Kristiansen,DF,2002,22,17,1500,16.7,0,3,3,0,0,0,3,0,0.2,0.2,1.9,2.0,13,75,49,0.00,0.18,0.18,0.00,0.18,0.01,0.11,0.12,0.01,0.12
Beto,FW,1998,1,1,74,0.8,0,0,0,0,0,0,0,0,0.0,0.0,0.3,0.3,0,2,5,0.00,0.00,0.00,0.00,0.00,0.00,0.32,0.32,0.00,0.32
Davide Bettella,MF,2000,1,0,3,0.0,0,0,0,0,0,0,0,0,0.0,0.0,0.0,0.0,0,0,0,0.00,0.00,0.00,0.00,0.00,0.00,0.00,0.00,0.00,0.00
Sam Beukema,DF,1998,22,22,1947,21.6,1,1,2,1,0,0,3,0,1.3,1.3,0.8,2.1,11,53,4,0.05,0.05,0.09,0.05,0.09,0.06,0.04,0.10,0.06,0.10
Jaka Bijol,DF,1999,13,13,1170,13.0,0,0,0,0,0,0,1,0,0.8,0.8,0.2,1.0,4,35,0,0.00,0.00,0.00,0.00,0.00,0.06,0.01,0.07,0.06,0.07
El Bilal Touré,FW,2001,2,0,43,0.5,1,0,1,1,0,0,0,0,0.5,0.5,0.0,0.5,1,0,2,2.09,0.00,2.09,2.09,2.09,1.05,0.00,1.05,1.05,1.05
Cristiano Biraghi,DF,1992,21,20,1728,19.2,1,3,4,1,0,0,6,0,0.6,0.6,2.0,2.6,46,101,84,0.05,0.16,0.21,0.05,0.21,0.03,0.10,0.14,0.03,0.14
Davide Biraschi,DF,1994,1,1,90,1.0,1,0,1,1,0,0,0,0,0.1,0.1,0.0,0.1,0,5,4,1.00,0.00,1.00,1.00,1.00,0.10,0.00,0.10,0.10,0.10
Samuele Birindelli,DF,1999,23,10,1068,11.9,0,1,1,0,0,0,5,0,0.7,0.7,2.1,2.9,29,30,79,0.00,0.08,0.08,0.00,0.08,0.06,0.18,0.24,0.06,0.24
Alexis Blin,"MF,DF",1996,19,7,832,9.2,0,2,2,0,0,0,2,0,0.8,0.8,0.5,1.3,5,23,5,0.00,0.22,0.22,0.00,0.22,0.09,0.05,0.14,0.09,0.14
Jérôme Boateng,DF,1988,4,3,171,1.9,0,0,0,0,0,0,0,0,0.0,0.0,0.1,0.1,0,5,0,0.00,0.00,0.00,0.00,0.00,0.00,0.06,0.06,0.00,0.06
Emil Bohinen,FW,1999,1,0,1,0.0,0,0,0,0,0,0,0,0,0.0,0.0,0.0,0.0,0,0,0,0.00,0.00,0.00,0.00,0.00,0.00,0.00,0.00,0.00,0.00
Emil Bohinen,MF,1999,12,7,535,5.9,0,0,0,0,0,0,1,0,0.1,0.1,0.2,0.3,7,26,10,0.00,0.00,0.00,0.00,0.00,0.01,0.04,0.05,0.01,0.05
Daniel Boloca,MF,1998,21,19,1595,17.7,1,0,1,1,0,0,5,1,0.5,0.5,0.4,0.9,18,85,11,0.06,0.00,0.06,0.06,0.06,0.03,0.02,0.05,0.03,0.05
Giacomo Bonaventura,MF,1989,24,21,1738,19.3,7,2,9,7,0,1,4,0,5.3,4.0,2.9,6.9,47,109,86,0.36,0.10,0.47,0.36,0.47,0.27,0.15,0.42,0.21,0.36
Federico Bonazzoli,"FW,MF",1997,16,5,648,7.2,1,0,1,1,0,0,2,0,1.2,1.2,0.2,1.4,9,19,53,0.14,0.00,0.14,0.14,0.14,0.17,0.02,0.19,0.17,0.19
Warren Bondo,MF,2003,14,5,640,7.1,1,0,1,1,0,0,3,0,0.6,0.6,0.0,0.6,15,22,3,0.14,0.00,0.14,0.14,0.14,0.08,0.01,0.08,0.08,0.08
Giovanni Bonfanti,DF,2003,1,0,15,0.2,0,0,0,0,0,0,0,0,0.0,0.0,0.0,0.0,0,0,0,0.00,0.00,0.00,0.00,0.00,0.00,0.00,0.00,0.00,0.00
Kevin Bonifazi,DF,1996,1,1,90,1.0,0,0,0,0,0,0,0,0,0.0,0.0,0.0,0.0,0,1,1,0.00,0.00,0.00,0.00,0.00,0.00,0.00,0.00,0.00,0.00
Kevin Bonifazi,DF,1996,2,1,91,1.0,0,0,0,0,0,0,0,0,0.0,0.0,0.0,0.0,0,0,0,0.00,0.00,0.00,0.00,0.00,0.00,0.00,0.00,0.00,0.00
Gennaro Borrelli,FW,2000,1,0,24,0.3,0,0,0,0,0,0,0,0,0.0,0.0,0.0,0.0,1,0,1,0.00,0.00,0.00,0.00,0.00,0.00,0.00,0.00,0.00,0.00
Erik Botheim,"FW,MF",2000,7,4,316,3.5,0,0,0,0,0,0,1,0,0.1,0.1,0.0,0.1,3,5,9,0.00,0.00,0.00,0.00,0.00,0.03,0.00,0.03,0.03,0.03
Mehdi Bourabia,MF,1991,10,3,200,2.2,0,0,0,0,0,0,1,0,0.1,0.1,0.0,0.1,1,7,8,0.00,0.00,0.00,0.00,0.00,0.05,0.00,0.05,0.05,0.05
Edoardo Bove,MF,2002,23,14,1369,15.2,0,2,2,0,0,0,2,0,1.9,1.9,0.5,2.4,12,64,38,0.00,0.13,0.13,0.00,0.13,0.12,0.04,0.16,0.12,0.16
Domagoj Bradarić,DF,1999,25,21,1953,21.7,0,3,3,0,0,0,5,0,0.6,0.6,1.0,1.6,41,53,88,0.00,0.14,0.14,0.00,0.14,0.03,0.05,0.07,0.03,0.07
Player,Pos,Born,MP,Starts,Min,90s,Gls,Ast,G+A,G-PK,PK,PKatt,CrdY,CrdR,xG,npxG,xAG,npxG+xAG,PrgC,PrgP,PrgR,Gls,Ast,G+A,G-PK,G+A-PK,xG,xAG,xG+xAG,npxG,npxG+xAG
Josip Brekalo,FW,1998,11,8,652,7.2,1,0,1,1,0,0,0,0,0.4,0.4,0.3,0.7,14,25,69,0.14,0.00,0.14,0.14,0.14,0.06,0.04,0.10,0.06,0.10
Gleison Bremer,DF,1997,25,25,2243,24.9,2,0,2,2,0,0,6,0,1.2,1.2,0.3,1.4,4,78,3,0.08,0.00,0.08,0.08,0.08,0.05,0.01,0.06,0.05,0.06
Brenner,FW,2000,4,0,40,0.4,0,0,0,0,0,0,0,0,0.0,0.0,0.0,0.0,1,0,5,0.00,0.00,0.00,0.00,0.00,0.03,0.00,0.03,0.03,0.03
Marco Brescianini,"MF,DF",2000,24,13,1384,15.4,3,1,4,3,0,0,1,0,0.7,0.7,0.8,1.5,24,39,51,0.20,0.07,0.26,0.20,0.26,0.05,0.05,0.10,0.05,0.10
Dylan Bronn,"DF,MF",1995,4,0,52,0.6,0,0,0,0,0,0,0,0,0.0,0.0,0.0,0.0,1,1,0,0.00,0.00,0.00,0.00,0.00,0.05,0.00,0.05,0.05,0.05
Tajon Buchanan,DF,1999,2,0,29,0.3,0,0,0,0,0,0,0,0,0.0,0.0,0.0,0.0,2,0,6,0.00,0.00,0.00,0.00,0.00,0.00,0.00,0.00,0.00,0.00
Alessandro Buongiorno,DF,1999,18,18,1556,17.3,3,0,3,3,0,0,5,0,1.5,1.5,0.1,1.6,10,42,6,0.17,0.00,0.17,0.17,0.17,0.09,0.01,0.09,0.09,0.09
Rareș-Cătălin Burnete,FW,2004,1,0,8,0.1,0,1,1,0,0,0,0,0,0.0,0.0,0.1,0.1,0,0,2,0.00,11.25,11.25,0.00,11.25,0.00,0.71,0.71,0.00,0.71
Juan Cabal,DF,2001,11,6,588,6.5,0,0,0,0,0,0,2,0,0.3,0.3,0.2,0.5,17,40,28,0.00,0.00,0.00,0.00,0.00,0.05,0.04,0.08,0.05,0.08
Jovane Cabral,"MF,FW",1998,12,8,678,7.5,1,0,1,1,0,0,1,0,1.2,1.2,0.4,1.6,22,40,39,0.13,0.00,0.13,0.13,0.13,0.15,0.06,0.21,0.15,0.21
Liberato Cacace,DF,2000,20,16,1513,16.8,0,0,0,0,0,0,5,0,0.2,0.2,0.9,1.2,24,64,44,0.00,0.00,0.00,0.00,0.00,0.01,0.06,0.07,0.01,0.07
Jens Cajuste,MF,1999,18,6,594,6.6,0,1,1,0,0,0,5,0,1.0,1.0,0.6,1.6,11,23,30,0.00,0.15,0.15,0.00,0.15,0.15,0.10,0.25,0.15,0.25
Davide Calabria,DF,1996,22,20,1619,18.0,0,3,3,0,0,0,5,1,0.7,0.7,1.0,1.7,23,93,50,0.00,0.17,0.17,0.00,0.17,0.04,0.05,0.09,0.04,0.09
Riccardo Calafiori,DF,2002,22,18,1656,18.4,0,2,2,0,0,0,4,0,0.4,0.4,0.6,1.1,18,64,9,0.00,0.11,0.11,0.00,0.11,0.02,0.03,0.06,0.02,0.06
Luca Caldirola,DF,1991,22,21,1859,20.7,1,1,2,1,0,0,5,1,0.4,0.4,0.6,1.0,9,49,8,0.05,0.05,0.10,0.05,0.10,0.02,0.03,0.05,0.02,0.05
Hakan Çalhanoğlu,MF,1994,23,23,1864,20.7,9,3,12,2,7,7,5,0,7.3,1.8,3.9,5.7,36,143,26,0.43,0.14,0.58,0.10,0.24,0.35,0.19,0.54,0.09,0.27
Francesco Camarda,FW,2008,2,0,14,0.2,0,0,0,0,0,0,0,0,0.0,0.0,0.0,0.0,0,0,1,0.00,0.00,0.00,0.00,0.00,0.00,0.00,0.00,0.00,0.00
Nicolò Cambiaghi,"FW,MF",2000,25,21,1820,20.2,0,1,1,0,0,0,2,0,2.8,2.8,1.8,4.6,89,50,145,0.00,0.05,0.05,0.00,0.05,0.14,0.09,0.23,0.14,0.23
Andrea Cambiaso,"DF,FW",2000,23,17,1525,16.9,1,3,4,1,0,0,5,0,1.6,1.6,2.5,4.1,60,36,107,0.06,0.18,0.24,0.06,0.24,0.09,0.15,0.24,0.09,0.24
Matteo Cancellieri,"FW,MF",2002,25,13,1295,14.4,2,2,4,2,0,0,6,0,3.0,3.0,2.2,5.1,40,20,91,0.14,0.14,0.28,0.14,0.28,0.21,0.15,0.36,0.21,0.36
Antonio Candreva,"MF,FW",1987,25,24,2044,22.7,5,5,10,5,0,0,3,0,3.1,3.1,4.2,7.3,47,97,141,0.22,0.22,0.44,0.22,0.44,0.14,0.19,0.32,0.14,0.32
Luigi Canotto,FW,1994,1,0,16,0.2,0,0,0,0,0,0,0,0,0.0,0.0,0.0,0.0,0,0,1,0.00,0.00,0.00,0.00,0.00,0.00,0.00,0.00,0.00,0.00
Gianluca Caprari,"MF,FW",1993,4,4,255,2.8,0,0,0,0,0,0,0,0,0.3,0.3,0.7,0.9,11,15,12,0.00,0.00,0.00,0.00,0.00,0.10,0.23,0.33,0.10,0.33
Elia Caprile,GK,2001,11,11,990,11.0,0,0,0,0,0,0,0,0,0.0,0.0,0.0,0.0,0,0,0,0.00,0.00,0.00,0.00,0.00,0.00,0.00,0.00,0.00,0.00
Francesco Caputo,FW,1987,15,14,1096,12.2,3,0,3,2,1,1,0,0,3.0,2.2,0.7,2.9,6,18,57,0.25,0.00,0.25,0.16,0.16,0.24,0.06,0.30,0.18,0.23
Player,Pos,Born,MP,Starts,Min,90s,Gls,Ast,G+A,G-PK,PK,PKatt,CrdY,CrdR,xG,npxG,xAG,npxG+xAG,PrgC,PrgP,PrgR,Gls,Ast,G+A,G-PK,G+A-PK,xG,xAG,xG+xAG,npxG,npxG+xAG
Andrea Carboni,DF,2001,16,11,1095,12.2,0,0,0,0,0,0,1,0,0.7,0.7,0.4,1.1,8,37,13,0.00,0.00,0.00,0.00,0.00,0.06,0.03,0.09,0.06,0.09
Valentin Carboni,MF,2005,19,7,726,8.1,2,2,4,2,0,0,1,0,1.5,1.5,1.0,2.5,32,33,49,0.25,0.25,0.50,0.25,0.50,0.19,0.12,0.31,0.19,0.31
Carlos,DF,1999,25,7,1041,11.6,0,3,3,0,0,0,1,0,0.7,0.7,2.0,2.8,30,33,63,0.00,0.26,0.26,0.00,0.26,0.06,0.18,0.24,0.06,0.24
Marco Carnesecchi,GK,2000,15,15,1350,15.0,0,0,0,0,0,0,0,0,0.0,0.0,0.0,0.0,0,0,0,0.00,0.00,0.00,0.00,0.00,0.00,0.00,0.00,0.00,0.00
Nicolò Casale,DF,1998,12,9,946,10.5,0,0,0,0,0,0,1,0,0.7,0.7,0.0,0.7,13,38,2,0.00,0.00,0.00,0.00,0.00,0.07,0.00,0.07,0.07,0.07
Giuseppe Caso,"FW,MF",1998,14,2,417,4.6,0,0,0,0,0,0,2,0,0.3,0.3,0.2,0.4,15,20,37,0.00,0.00,0.00,0.00,0.00,0.06,0.04,0.10,0.06,0.10
Valentín Castellanos,FW,1998,23,9,1011,11.2,2,3,5,2,0,0,0,0,4.8,4.8,1.1,5.9,12,28,71,0.18,0.27,0.45,0.18,0.45,0.43,0.10,0.53,0.43,0.53
Samu Castillejo,"FW,MF",1995,15,6,493,5.5,0,0,0,0,0,0,1,0,0.3,0.3,0.8,1.1,27,26,42,0.00,0.00,0.00,0.00,0.00,0.05,0.15,0.20,0.05,0.20
Danilo Cataldi,MF,1994,19,12,1079,12.0,1,0,1,1,0,0,6,0,0.3,0.3,0.8,1.0,7,53,7,0.08,0.00,0.08,0.08,0.08,0.02,0.06,0.09,0.02,0.09
Emil Ceide,"FW,MF",2001,8,0,138,1.5,0,0,0,0,0,0,0,0,0.1,0.1,0.2,0.3,11,3,14,0.00,0.00,0.00,0.00,0.00,0.07,0.16,0.22,0.07,0.22
Zeki Çelik,DF,1997,10,2,258,2.9,0,0,0,0,0,0,0,0,0.1,0.1,0.2,0.3,3,10,15,0.00,0.00,0.00,0.00,0.00,0.02,0.07,0.09,0.02,0.09
Fabien Centonze,DF,1996,2,1,91,1.0,0,0,0,0,0,0,1,0,0.0,0.0,0.0,0.0,2,3,2,0.00,0.00,0.00,0.00,0.00,0.00,0.03,0.03,0.00,0.03
Michele Cerofolini,GK,1999,2,2,180,2.0,0,0,0,0,0,0,1,0,0.0,0.0,0.0,0.0,0,0,0,0.00,0.00,0.00,0.00,0.00,0.00,0.00,0.00,0.00,0.00
Alberto Cerri,FW,1996,6,6,344,3.8,0,0,0,0,0,0,1,0,0.8,0.8,0.2,1.0,2,5,15,0.00,0.00,0.00,0.00,0.00,0.20,0.05,0.25,0.20,0.25
Leonardo Cerri,DF,2003,1,0,7,0.1,0,0,0,0,0,0,0,0,0.0,0.0,0.0,0.0,0,0,2,0.00,0.00,0.00,0.00,0.00,0.00,0.00,0.00,0.00,0.00
Charlys,MF,2004,1,0,1,0.0,0,0,0,0,0,0,0,0,0.0,0.0,0.0,0.0,0,1,0,0.00,0.00,0.00,0.00,0.00,0.00,0.00,0.00,0.00,0.00
Walid Cheddira,FW,1998,24,12,1123,12.5,2,1,3,1,1,1,0,0,4.1,3.4,1.1,4.5,11,6,62,0.16,0.08,0.24,0.08,0.16,0.33,0.09,0.42,0.27,0.36
Federico Chiesa,FW,1997,21,15,1352,15.0,6,1,7,5,1,1,1,0,4.5,3.8,3.4,7.2,73,46,123,0.40,0.07,0.47,0.33,0.40,0.30,0.23,0.53,0.25,0.48
Oliver Christensen,GK,1999,2,2,180,2.0,0,0,0,0,0,0,0,0,0.0,0.0,0.0,0.0,0,0,0,0.00,0.00,0.00,0.00,0.00,0.00,0.00,0.00,0.00,0.00
Samuel Chukwueze,FW,1999,15,7,590,6.6,0,1,1,0,0,0,0,0,0.8,0.8,0.4,1.2,28,24,69,0.00,0.15,0.15,0.00,0.15,0.12,0.06,0.18,0.12,0.18
Giorgio Cittadini,DF,2002,1,0,15,0.2,0,0,0,0,0,0,1,0,0.0,0.0,0.0,0.0,1,1,1,0.00,0.00,0.00,0.00,0.00,0.00,0.00,0.00,0.00,0.00
Giorgio Cittadini,DF,2002,1,0,1,0.0,0,0,0,0,0,0,0,0,0.0,0.0,0.0,0.0,0,0,0,0.00,0.00,0.00,0.00,0.00,0.00,0.00,0.00,0.00,0.00
Patrick Ciurria,"DF,MF",1995,21,18,1561,17.3,0,1,1,0,0,0,2,0,1.5,1.5,2.6,4.1,41,68,92,0.00,0.06,0.06,0.00,0.06,0.09,0.15,0.24,0.09,0.24
Lorenzo Colombo,FW,2002,21,15,1273,14.1,4,1,5,4,0,0,2,0,3.2,3.2,0.6,3.8,15,24,70,0.28,0.07,0.35,0.28,0.35,0.23,0.04,0.27,0.23,0.27
Andrea Colpani,"MF,FW",1999,26,25,1843,20.5,7,2,9,7,0,0,1,0,3.7,3.7,3.1,6.8,69,87,144,0.34,0.10,0.44,0.34,0.44,0.18,0.15,0.33,0.18,0.33
Player,Pos,Born,MP,Starts,Min,90s,Gls,Ast,G+A,G-PK,PK,PKatt,CrdY,CrdR,xG,npxG,xAG,npxG+xAG,PrgC,PrgP,PrgR,Gls,Ast,G+A,G-PK,G+A-PK,xG,xAG,xG+xAG,npxG,npxG+xAG
Pietro Comuzzo,"DF,FW",2005,3,0,23,0.3,0,0,0,0,0,0,0,0,0.0,0.0,0.0,0.0,0,2,0,0.00,0.00,0.00,0.00,0.00,0.00,0.00,0.00,0.00,0.00
Andrea Consigli,GK,1987,23,23,2070,23.0,0,0,0,0,0,0,1,0,0.0,0.0,0.0,0.0,0,0,0,0.00,0.00,0.00,0.00,0.00,0.00,0.00,0.00,0.00,0.00
Nikita Contini Baranovsky,GK,1996,1,0,17,0.2,0,0,0,0,0,0,0,0,0.0,0.0,0.0,0.0,0,0,0,0.00,0.00,0.00,0.00,0.00,0.00,0.00,0.00,0.00,0.00
Diego Coppola,DF,2003,13,8,733,8.1,1,0,1,1,0,0,6,0,0.5,0.5,0.0,0.5,0,14,0,0.12,0.00,0.12,0.12,0.12,0.06,0.00,0.06,0.06,0.06
Tommaso Corazza,DF,2004,6,1,148,1.6,0,0,0,0,0,0,1,0,0.1,0.1,0.0,0.1,7,9,8,0.00,0.00,0.00,0.00,0.00,0.06,0.00,0.06,0.06,0.06
Jeppe Corfitzen,FW,2004,1,0,9,0.1,0,0,0,0,0,0,0,0,0.0,0.0,0.0,0.0,1,0,0,0.00,0.00,0.00,0.00,0.00,0.00,0.00,0.00,0.00,0.00
Giacomo Corona,FW,2004,1,0,5,0.1,0,0,0,0,0,0,0,0,0.0,0.0,0.0,0.0,0,0,0,0.00,0.00,0.00,0.00,0.00,0.00,0.00,0.00,0.00,0.00
Benoît Costil,GK,1987,8,8,720,8.0,0,0,0,0,0,0,0,0,0.0,0.0,0.0,0.0,0,0,0,0.00,0.00,0.00,0.00,0.00,0.00,0.00,0.00,0.00,0.00
Lassana Coulibaly,MF,1996,17,15,1269,14.1,0,1,1,0,0,0,3,0,0.2,0.2,0.3,0.5,22,43,24,0.00,0.07,0.07,0.00,0.07,0.02,0.02,0.04,0.02,0.04
Mamadou Coulibaly,DF,1999,1,0,3,0.0,0,0,0,0,0,0,0,0,0.0,0.0,0.0,0.0,0,0,0,0.00,0.00,0.00,0.00,0.00,0.00,0.00,0.00,0.00,0.00
Alessio Cragno,GK,1994,2,2,180,2.0,0,0,0,0,0,0,0,0,0.0,0.0,0.0,0.0,0,0,0,0.00,0.00,0.00,0.00,0.00,0.00,0.00,0.00,0.00,0.00
Bryan Cristante,"MF,DF",1995,25,25,2220,24.7,2,3,5,2,0,0,6,0,2.6,2.6,2.3,4.9,28,157,47,0.08,0.12,0.20,0.08,0.20,0.10,0.09,0.20,0.10,0.20
Juan Cruz,"FW,MF",1999,4,1,109,1.2,0,0,0,0,0,0,0,0,0.0,0.0,0.1,0.1,3,4,4,0.00,0.00,0.00,0.00,0.00,0.03,0.09,0.12,0.03,0.12
Juan Cuadrado,DF,1988,7,0,156,1.7,0,2,2,0,0,0,1,0,0.1,0.1,1.3,1.4,13,6,17,0.00,1.15,1.15,0.00,1.15,0.08,0.73,0.81,0.08,0.81
Marvin Cuni,FW,2001,13,6,466,5.2,1,0,1,1,0,0,0,0,1.3,1.3,0.2,1.5,4,6,37,0.19,0.00,0.19,0.19,0.19,0.24,0.04,0.29,0.24,0.29
Danilo D'Ambrosio,DF,1988,19,15,1360,15.1,0,0,0,0,0,0,5,1,0.6,0.6,0.2,0.7,9,53,22,0.00,0.00,0.00,0.00,0.00,0.04,0.01,0.05,0.04,0.05
Flavius Daniliuc,DF,2001,14,8,744,8.3,0,0,0,0,0,0,2,0,0.2,0.2,0.2,0.5,8,37,2,0.00,0.00,0.00,0.00,0.00,0.03,0.03,0.06,0.03,0.06
Danilo,DF,1991,18,17,1551,17.2,1,1,2,1,0,0,5,0,1.0,1.0,0.7,1.7,9,97,10,0.06,0.06,0.12,0.06,0.12,0.06,0.04,0.10,0.06,0.10
Matteo Darmian,DF,1989,22,18,1673,18.6,0,1,1,0,0,0,1,0,0.3,0.3,1.2,1.5,10,45,50,0.00,0.05,0.05,0.00,0.05,0.02,0.06,0.08,0.02,0.08
Keinan Davis,FW,1998,2,0,21,0.2,0,0,0,0,0,0,0,0,0.0,0.0,0.0,0.1,1,0,4,0.00,0.00,0.00,0.00,0.00,0.12,0.17,0.29,0.12,0.29
Paweł Dawidowicz,DF,1995,20,18,1541,17.1,0,0,0,0,0,0,4,0,0.5,0.5,0.0,0.5,8,61,4,0.00,0.00,0.00,0.00,0.00,0.03,0.00,0.03,0.03,0.03
Charles De Ketelaere,"FW,MF",2001,23,17,1339,14.9,6,6,12,5,1,1,1,0,4.7,3.9,4.3,8.2,55,80,149,0.40,0.40,0.81,0.34,0.74,0.31,0.29,0.60,0.26,0.55
Lorenzo De Silvestri,DF,1988,12,6,570,6.3,2,0,2,2,0,0,0,0,0.2,0.2,0.0,0.2,8,26,8,0.32,0.00,0.32,0.32,0.32,0.03,0.00,0.03,0.03,0.03
Koni De Winter,DF,2002,19,16,1480,16.4,0,1,1,0,0,0,8,1,0.6,0.6,1.0,1.6,16,32,13,0.00,0.06,0.06,0.00,0.06,0.04,0.06,0.10,0.04,0.10
Grégoire Defrel,"FW,MF",1991,12,2,298,3.3,0,1,1,0,0,0,0,0,0.4,0.4,0.8,1.2,3,7,15,0.00,0.30,0.30,0.00,0.30,0.13,0.24,0.38,0.13,0.38
Player,Pos,Born,MP,Starts,Min,90s,Gls,Ast,G+A,G-PK,PK,PKatt,CrdY,CrdR,xG,npxG,xAG,npxG+xAG,PrgC,PrgP,PrgR,Gls,Ast,G+A,G-PK,G+A-PK,xG,xAG,xG+xAG,npxG,npxG+xAG
Alessandro Deiola,MF,1995,16,9,765,8.5,0,0,0,0,0,0,3,0,1.2,1.2,0.5,1.7,6,31,13,0.00,0.00,0.00,0.00,0.00,0.14,0.06,0.20,0.14,0.20
Diego Demme,MF,1991,2,1,73,0.8,0,0,0,0,0,0,1,0,0.0,0.0,0.0,0.0,3,5,0,0.00,0.00,0.00,0.00,0.00,0.00,0.00,0.00,0.00,0.00
Leander Dendoncker,MF,1995,2,0,13,0.1,0,0,0,0,0,0,0,0,0.0,0.0,0.0,0.0,0,1,0,0.00,0.00,0.00,0.00,0.00,0.00,0.00,0.00,0.00,0.00
Mattia Destro,"FW,MF",1991,10,1,216,2.4,0,0,0,0,0,0,1,0,0.6,0.6,0.3,0.9,2,2,12,0.00,0.00,0.00,0.00,0.00,0.25,0.11,0.36,0.25,0.36
Federico Di Francesco,"FW,MF",1994,2,0,15,0.2,1,0,1,1,0,0,0,0,0.1,0.1,0.0,0.1,1,1,3,6.00,0.00,6.00,6.00,6.00,0.53,0.00,0.53,0.53,0.53
Michele Di Gregorio,GK,1997,23,23,1972,21.9,0,0,0,0,0,0,0,0,0.0,0.0,0.0,0.0,0,0,0,0.00,0.00,0.00,0.00,0.00,0.00,0.00,0.00,0.00,0.00
Giovanni Di Lorenzo,DF,1993,24,24,2160,24.0,1,5,6,1,0,0,5,0,1.9,1.9,4.0,5.9,55,195,162,0.04,0.21,0.25,0.04,0.25,0.08,0.17,0.25,0.08,0.24
Alessandro Di Pardo,"DF,MF",1999,11,0,234,2.6,0,0,0,0,0,0,0,0,0.1,0.1,0.1,0.1,4,8,14,0.00,0.00,0.00,0.00,0.00,0.03,0.02,0.06,0.03,0.06
Boulaye Dia,"FW,MF",1996,17,12,1143,12.7,4,0,4,3,1,1,1,0,3.9,3.1,0.5,3.6,18,22,57,0.31,0.00,0.31,0.24,0.24,0.31,0.04,0.35,0.24,0.28
Federico Dimarco,DF,1997,20,19,1365,15.2,3,6,9,3,0,0,0,0,1.9,1.9,6.3,8.2,34,69,129,0.20,0.40,0.59,0.20,0.59,0.13,0.42,0.54,0.13,0.54
Koffi Djidji,DF,1992,11,6,594,6.6,0,0,0,0,0,0,2,0,0.1,0.1,0.0,0.1,4,18,3,0.00,0.00,0.00,0.00,0.00,0.01,0.00,0.01,0.01,0.01
Berat Djimsiti,DF,1993,24,24,2072,23.0,0,0,0,0,0,0,3,0,0.4,0.4,0.6,1.0,1,45,5,0.00,0.00,0.00,0.00,0.00,0.02,0.03,0.04,0.02,0.04
Dodô,DF,1998,5,4,268,3.0,0,0,0,0,0,0,0,0,0.1,0.1,0.7,0.7,12,26,10,0.00,0.00,0.00,0.00,0.00,0.02,0.22,0.24,0.02,0.24
Josh Doig,DF,2002,12,11,830,9.2,0,0,0,0,0,0,2,0,0.2,0.2,0.3,0.5,23,15,22,0.00,0.00,0.00,0.00,0.00,0.02,0.04,0.06,0.02,0.06
Josh Doig,DF,2002,5,5,448,5.0,0,0,0,0,0,0,2,0,0.1,0.1,0.4,0.5,8,10,7,0.00,0.00,0.00,0.00,0.00,0.03,0.08,0.11,0.03,0.11
Nicolás Domínguez,MF,1998,2,1,102,1.1,0,0,0,0,0,0,0,0,0.0,0.0,0.0,0.0,1,9,3,0.00,0.00,0.00,0.00,0.00,0.00,0.04,0.04,0.00,0.04
Giulio Donati,DF,1990,2,0,10,0.1,0,0,0,0,0,0,0,0,0.0,0.0,0.0,0.1,0,1,2,0.00,0.00,0.00,0.00,0.00,0.17,0.29,0.47,0.17,0.47
Patrick Dorgu,DF,2004,21,8,858,9.5,1,0,1,1,0,0,5,0,0.4,0.4,0.9,1.3,24,36,46,0.10,0.00,0.10,0.10,0.10,0.04,0.09,0.13,0.04,0.13
Alberto Dossena,DF,1998,26,24,2182,24.2,2,3,5,2,0,0,4,0,2.0,2.0,2.0,4.0,4,66,2,0.08,0.12,0.21,0.08,0.21,0.08,0.08,0.16,0.08,0.16
Radu Drăgușin,DF,2002,19,19,1710,19.0,2,1,3,2,0,0,1,0,1.0,1.0,0.8,1.9,6,29,13,0.11,0.05,0.16,0.11,0.16,0.05,0.04,0.10,0.05,0.10
Ondrej Duda,MF,1994,22,21,1742,19.4,1,3,4,1,0,1,10,2,2.0,1.2,2.7,3.9,28,77,38,0.05,0.15,0.21,0.05,0.21,0.10,0.14,0.24,0.06,0.20
Denzel Dumfries,DF,1996,20,15,1248,13.9,3,3,6,3,0,0,1,0,1.8,1.8,3.5,5.3,38,42,118,0.22,0.22,0.43,0.22,0.43,0.13,0.25,0.39,0.13,0.39
Alfred Duncan,MF,1993,22,18,1421,15.8,1,5,6,1,0,0,2,0,1.1,1.1,1.6,2.8,18,99,34,0.06,0.32,0.38,0.06,0.38,0.07,0.10,0.18,0.07,0.17
Paulo Dybala,"FW,MF",1993,18,18,1349,15.0,11,6,17,5,6,6,3,0,8.7,4.0,2.2,6.3,54,88,124,0.73,0.40,1.13,0.33,0.73,0.58,0.15,0.73,0.27,0.42
Festy Ebosele,DF,2002,25,19,1521,16.9,0,0,0,0,0,0,4,0,0.6,0.6,1.8,2.4,60,30,83,0.00,0.00,0.00,0.00,0.00,0.04,0.11,0.14,0.04,0.14
Player,Pos,Born,MP,Starts,Min,90s,Gls,Ast,G+A,G-PK,PK,PKatt,CrdY,CrdR,xG,npxG,xAG,npxG+xAG,PrgC,PrgP,PrgR,Gls,Ast,G+A,G-PK,G+A-PK,xG,xAG,xG+xAG,npxG,npxG+xAG
Enzo Ebosse,DF,1999,1,0,8,0.1,0,0,0,0,0,0,0,0,0.0,0.0,0.0,0.0,0,1,0,0.00,0.00,0.00,0.00,0.00,0.00,0.00,0.00,0.00,0.00
Tyronne Ebuehi,DF,1995,14,11,1074,11.9,0,1,1,0,0,0,0,0,0.3,0.3,0.9,1.2,34,37,35,0.00,0.08,0.08,0.00,0.08,0.02,0.08,0.10,0.02,0.10
Éderson,MF,1999,24,23,2022,22.5,5,1,6,5,0,0,6,0,2.7,2.7,1.1,3.8,24,148,38,0.22,0.04,0.27,0.22,0.27,0.12,0.05,0.17,0.12,0.17
Kingsley Ehizibue,DF,1995,12,3,381,4.2,0,1,1,0,0,0,2,0,0.4,0.4,0.1,0.6,9,10,22,0.00,0.24,0.24,0.00,0.24,0.11,0.03,0.13,0.11,0.13
Emmanuel Ekong,FW,2002,1,0,5,0.1,0,0,0,0,0,0,0,0,0.0,0.0,0.0,0.0,0,0,1,0.00,0.00,0.00,0.00,0.00,0.00,0.19,0.19,0.00,0.19
Caleb Ekuban,"FW,MF",1994,20,5,718,8.0,2,1,3,2,0,0,0,0,1.6,1.6,1.1,2.7,8,10,65,0.25,0.13,0.38,0.25,0.38,0.20,0.14,0.34,0.20,0.34
Elif Elmas,"FW,MF",1999,11,4,339,3.8,2,0,2,2,0,0,2,0,0.5,0.5,0.2,0.7,14,16,26,0.53,0.00,0.53,0.53,0.53,0.13,0.06,0.19,0.13,0.19
Martin Erlic,DF,1998,22,21,1815,20.2,1,0,1,1,0,0,4,0,0.9,0.9,0.0,0.9,14,55,7,0.05,0.00,0.05,0.05,0.05,0.05,0.00,0.05,0.05,0.05
Giovanni Fabbian,"MF,FW",2003,17,8,781,8.7,4,2,6,4,0,0,3,0,3.4,3.4,1.2,4.6,10,12,35,0.46,0.23,0.69,0.46,0.69,0.39,0.14,0.54,0.39,0.54
Nicolò Fagioli,MF,2001,6,3,339,3.8,0,1,1,0,0,0,0,0,0.3,0.3,0.3,0.6,6,20,14,0.00,0.27,0.27,0.00,0.27,0.07,0.07,0.15,0.07,0.15
Wladimiro Falcone,GK,1995,26,26,2340,26.0,0,0,0,0,0,0,0,0,0.0,0.0,0.0,0.0,0,0,0,0.00,0.00,0.00,0.00,0.00,0.00,0.00,0.00,0.00,0.00
Davide Faraoni,DF,1991,11,7,602,6.7,0,1,1,0,0,0,5,0,0.4,0.4,0.4,0.8,13,28,31,0.00,0.15,0.15,0.00,0.15,0.06,0.05,0.11,0.06,0.11
Davide Faraoni,DF,1991,4,3,286,3.2,0,1,1,0,0,0,0,0,0.1,0.1,0.2,0.3,6,14,13,0.00,0.31,0.31,0.00,0.31,0.03,0.07,0.10,0.03,0.10
Federico Fazio,DF,1987,11,9,834,9.3,1,0,1,1,0,0,3,1,0.3,0.3,0.1,0.3,1,17,0,0.11,0.00,0.11,0.11,0.11,0.03,0.01,0.03,0.03,0.03
Jacopo Fazzini,MF,2003,21,10,854,9.5,1,1,2,1,0,0,4,0,0.9,0.9,1.9,2.9,17,33,38,0.11,0.11,0.21,0.11,0.21,0.10,0.20,0.30,0.10,0.30
Lewis Ferguson,MF,1999,25,25,2230,24.8,5,3,8,5,0,0,7,0,4.4,4.4,1.6,6.1,42,123,101,0.20,0.12,0.32,0.20,0.32,0.18,0.07,0.24,0.18,0.24
João Ferreira,DF,2001,23,13,1302,14.5,0,1,1,0,0,0,8,0,0.1,0.1,0.8,0.9,12,36,35,0.00,0.07,0.07,0.00,0.07,0.00,0.06,0.06,0.00,0.06
Seydou Fini,"DF,FW",2006,3,0,35,0.4,0,0,0,0,0,0,0,0,0.1,0.1,0.0,0.1,1,0,2,0.00,0.00,0.00,0.00,0.00,0.34,0.00,0.34,0.34,0.34
Alessandro Florenzi,DF,1991,23,12,1137,12.6,0,2,2,0,0,0,4,0,0.6,0.6,1.6,2.2,19,67,32,0.00,0.16,0.16,0.00,0.16,0.05,0.12,0.17,0.05,0.17
Michael Folorunsho,"MF,FW",1998,25,25,2108,23.4,3,1,4,3,0,0,4,0,2.0,2.0,1.1,3.0,45,41,81,0.13,0.04,0.17,0.13,0.17,0.09,0.04,0.13,0.09,0.13
Davide Frattesi,MF,1999,20,3,547,6.1,3,1,4,3,0,0,1,0,3.2,3.2,0.8,4.1,23,23,24,0.49,0.16,0.66,0.49,0.66,0.53,0.14,0.67,0.53,0.67
Morten Frendrup,MF,2001,25,24,2180,24.2,1,4,5,1,0,0,5,0,1.2,1.2,0.9,2.2,29,84,52,0.04,0.17,0.21,0.04,0.21,0.05,0.04,0.09,0.05,0.09
Remo Freuler,MF,1992,21,19,1675,18.6,1,0,1,1,0,0,6,0,0.5,0.5,0.7,1.2,16,91,32,0.05,0.00,0.05,0.05,0.05,0.03,0.04,0.07,0.03,0.07
Matteo Gabbia,DF,1999,8,7,637,7.1,1,0,1,1,0,0,2,0,0.8,0.8,0.1,1.0,6,19,0,0.14,0.00,0.14,0.14,0.14,0.12,0.02,0.14,0.12,0.14
Gianluca Gaetano,"FW,MF",2000,4,3,269,3.0,2,0,2,2,0,0,0,0,0.2,0.2,0.2,0.4,9,15,19,0.67,0.00,0.67,0.67,0.67,0.07,0.08,0.15,0.07,0.15
Player,Pos,Born,MP,Starts,Min,90s,Gls,Ast,G+A,G-PK,PK,PKatt,CrdY,CrdR,xG,npxG,xAG,npxG+xAG,PrgC,PrgP,PrgR,Gls,Ast,G+A,G-PK,G+A-PK,xG,xAG,xG+xAG,npxG,npxG+xAG
Gianluca Gaetano,MF,2000,9,1,161,1.8,1,0,1,1,0,0,1,0,0.6,0.6,0.5,1.1,6,6,5,0.56,0.00,0.56,0.56,0.56,0.35,0.27,0.62,0.35,0.62
Roberto Gagliardini,"MF,DF",1994,24,23,1900,21.1,1,2,3,1,0,0,4,0,2.6,2.6,1.5,4.1,35,102,26,0.05,0.09,0.14,0.05,0.14,0.12,0.07,0.20,0.12,0.20
Pablo Galdames Millán,"MF,DF",1996,2,0,11,0.1,0,0,0,0,0,0,0,0,0.0,0.0,0.0,0.0,0,5,1,0.00,0.00,0.00,0.00,0.00,0.25,0.00,0.25,0.25,0.25
Antonino Gallo,DF,2000,23,18,1486,16.5,0,2,2,0,0,0,2,0,0.2,0.2,2.7,3.0,39,91,59,0.00,0.12,0.12,0.00,0.12,0.01,0.17,0.18,0.01,0.18
Luca Garritano,"MF,DF",1994,11,5,480,5.3,0,0,0,0,0,0,1,0,0.7,0.7,0.3,1.0,6,22,22,0.00,0.00,0.00,0.00,0.00,0.13,0.07,0.20,0.13,0.20
Federico Gatti,DF,1998,23,21,1874,20.8,3,0,3,3,0,0,6,0,2.8,2.8,0.9,3.8,32,76,22,0.14,0.00,0.14,0.14,0.14,0.14,0.05,0.18,0.14,0.18
Francesco Gelli,"DF,MF",1996,18,14,1311,14.6,0,0,0,0,0,0,2,0,0.5,0.5,1.7,2.2,36,49,74,0.00,0.00,0.00,0.00,0.00,0.03,0.12,0.15,0.03,0.15
Luca Gemello,GK,2000,1,1,90,1.0,0,0,0,0,0,0,0,0,0.0,0.0,0.0,0.0,0,0,0,0.00,0.00,0.00,0.00,0.00,0.00,0.00,0.00,0.00,0.00
Valentin Gendrey,DF,2000,25,24,2115,23.5,1,3,4,1,0,0,5,0,0.8,0.8,1.2,2.0,50,89,57,0.04,0.13,0.17,0.04,0.17,0.04,0.05,0.09,0.04,0.09
Farés Ghedjemis,"MF,FW",2002,3,0,100,1.1,0,0,0,0,0,0,0,0,0.1,0.1,0.1,0.2,3,2,11,0.00,0.00,0.00,0.00,0.00,0.08,0.12,0.20,0.08,0.20
Lautaro Gianetti,DF,1993,4,4,360,4.0,1,0,1,1,0,0,2,0,0.3,0.3,0.0,0.3,0,2,0,0.25,0.00,0.25,0.25,0.25,0.08,0.00,0.08,0.08,0.08
Mario Gila,DF,2000,13,13,1109,12.3,0,0,0,0,0,0,4,1,0.2,0.2,0.1,0.3,3,44,0,0.00,0.00,0.00,0.00,0.00,0.02,0.01,0.03,0.02,0.03
Gvidas Gineitis,MF,2004,11,2,313,3.5,0,0,0,0,0,0,2,0,0.2,0.2,0.0,0.2,4,14,11,0.00,0.00,0.00,0.00,0.00,0.06,0.00,0.06,0.06,0.06
Olivier Giroud,FW,1986,23,21,1710,19.0,12,8,20,8,4,5,1,1,10.8,6.8,3.9,10.8,9,20,66,0.63,0.42,1.05,0.42,0.84,0.57,0.21,0.77,0.36,0.57
Edoardo Goldaniga,DF,1993,13,12,1011,11.2,0,0,0,0,0,0,3,0,0.5,0.5,0.1,0.7,9,50,3,0.00,0.00,0.00,0.00,0.00,0.05,0.01,0.06,0.05,0.06
Pierluigi Gollini,GK,1995,7,7,630,7.0,0,0,0,0,0,0,0,0,0.0,0.0,0.0,0.0,0,0,0,0.00,0.00,0.00,0.00,0.00,0.00,0.00,0.00,0.00,0.00
Papu Gómez,"MF,FW",1988,2,0,41,0.5,0,0,0,0,0,0,0,0,0.0,0.0,0.2,0.2,2,3,1,0.00,0.00,0.00,0.00,0.00,0.00,0.43,0.43,0.00,0.43
Joan Gonzàlez,MF,2002,19,10,923,10.3,1,1,2,1,0,0,6,0,1.0,1.0,0.9,1.8,16,37,24,0.10,0.10,0.20,0.10,0.20,0.10,0.08,0.18,0.10,0.18
Nicolás González,FW,1998,19,15,1283,14.3,7,1,8,6,1,3,1,0,6.8,4.4,1.0,5.4,40,64,130,0.49,0.07,0.56,0.42,0.49,0.47,0.07,0.54,0.31,0.38
Alberto Grassi,MF,1995,23,18,1533,17.0,0,1,1,0,0,0,4,0,0.9,0.9,0.6,1.6,13,64,12,0.00,0.06,0.06,0.00,0.06,0.06,0.04,0.09,0.06,0.09
Mattéo Guendouzi,MF,1999,24,21,1780,19.8,2,1,3,2,0,0,2,0,1.4,1.4,1.6,3.0,29,73,59,0.10,0.05,0.15,0.10,0.15,0.07,0.08,0.15,0.07,0.15
Axel Guessand,DF,2004,1,0,45,0.5,0,0,0,0,0,0,0,0,0.0,0.0,0.0,0.0,1,1,1,0.00,0.00,0.00,0.00,0.00,0.02,0.00,0.02,0.02,0.02
Albert Guðmundsson,"FW,MF",1997,24,24,2145,23.8,9,3,12,7,2,2,3,0,4.9,3.3,3.7,7.0,52,88,118,0.38,0.13,0.50,0.29,0.42,0.21,0.15,0.36,0.14,0.29
Emmanuel Gyasi,"DF,FW",1994,21,10,949,10.5,1,0,1,1,0,0,5,0,3.5,3.5,0.5,4.0,11,28,40,0.09,0.00,0.09,0.09,0.09,0.33,0.05,0.38,0.33,0.38
Norbert Gyömbér,DF,1992,19,17,1530,17.0,0,0,0,0,0,0,9,0,0.2,0.2,0.2,0.3,3,37,0,0.00,0.00,0.00,0.00,0.00,0.01,0.01,0.02,0.01,0.02
Player,Pos,Born,MP,Starts,Min,90s,Gls,Ast,G+A,G-PK,PK,PKatt,CrdY,CrdR,xG,npxG,xAG,npxG+xAG,PrgC,PrgP,PrgR,Gls,Ast,G+A,G-PK,G+A-PK,xG,xAG,xG+xAG,npxG,npxG+xAG
Nicolas Haas,MF,1996,1,1,90,1.0,0,0,0,0,0,0,1,0,0.1,0.1,0.0,0.1,0,6,4,0.00,0.00,0.00,0.00,0.00,0.10,0.00,0.10,0.10,0.10
Ridgeciano Haps,"DF,FW",1993,11,6,572,6.4,0,1,1,0,0,0,0,0,0.1,0.1,0.7,0.8,11,12,34,0.00,0.16,0.16,0.00,0.16,0.01,0.11,0.12,0.01,0.12
Abdou Harroui,"MF,FW",1998,14,10,841,9.3,3,2,5,2,1,1,2,0,2.1,1.3,0.6,1.9,29,26,45,0.32,0.21,0.54,0.21,0.43,0.22,0.07,0.29,0.14,0.20
Hans Hateboer,DF,1994,12,4,480,5.3,0,1,1,0,0,0,3,0,0.2,0.2,1.2,1.4,13,20,28,0.00,0.19,0.19,0.00,0.19,0.04,0.23,0.27,0.04,0.27
Pantelis Hatzidiakos,DF,1997,10,10,638,7.1,0,0,0,0,0,0,1,0,0.4,0.4,0.0,0.4,1,24,3,0.00,0.00,0.00,0.00,0.00,0.05,0.00,0.06,0.05,0.06
Silvan Hefti,"MF,DF",1997,6,1,114,1.3,0,0,0,0,0,0,0,0,0.0,0.0,0.0,0.0,1,2,4,0.00,0.00,0.00,0.00,0.00,0.00,0.00,0.00,0.00,0.00
Liam Henderson,MF,1996,1,0,5,0.1,0,0,0,0,0,0,0,0,0.0,0.0,0.0,0.0,0,0,0,0.00,0.00,0.00,0.00,0.00,0.00,0.00,0.00,0.00,0.00
Matheus Henrique,MF,1997,19,19,1701,18.9,2,1,3,2,0,0,5,0,2.2,2.2,0.9,3.1,28,65,29,0.11,0.05,0.16,0.11,0.16,0.12,0.05,0.16,0.12,0.16
Thomas Henry,"FW,MF",1994,13,1,239,2.7,3,0,3,3,0,1,1,0,3.0,2.2,0.0,2.2,2,2,14,1.13,0.00,1.13,1.13,1.13,1.12,0.02,1.14,0.83,0.84
Theo Hernández,DF,1997,23,23,2057,22.9,4,3,7,3,1,2,8,0,3.8,2.2,3.5,5.6,75,118,94,0.18,0.13,0.31,0.13,0.26,0.16,0.15,0.32,0.10,0.25
Isak Hien,DF,1999,10,9,864,9.6,0,0,0,0,0,0,1,1,0.4,0.4,0.0,0.4,8,26,1,0.00,0.00,0.00,0.00,0.00,0.04,0.00,0.04,0.04,0.04
Isak Hien,DF,1999,4,0,63,0.7,0,0,0,0,0,0,0,0,0.0,0.0,0.0,0.0,0,3,0,0.00,0.00,0.00,0.00,0.00,0.00,0.00,0.00,0.00,0.00
Emil Holm,DF,2000,16,8,668,7.4,1,1,2,1,0,0,4,0,2.3,2.3,0.7,3.0,20,20,53,0.13,0.13,0.27,0.13,0.27,0.31,0.10,0.41,0.31,0.41
Martin Hongla,MF,1998,15,12,1084,12.0,0,0,0,0,0,0,0,0,0.1,0.1,0.3,0.4,6,57,6,0.00,0.00,0.00,0.00,0.00,0.01,0.02,0.03,0.01,0.03
Sydney van Hooijdonk,FW,2000,9,2,212,2.4,0,0,0,0,0,0,0,0,0.6,0.6,0.1,0.7,1,2,9,0.00,0.00,0.00,0.00,0.00,0.26,0.05,0.31,0.26,0.31
Dean Huijsen,DF,2005,8,3,335,3.7,2,0,2,2,0,0,3,0,0.4,0.4,0.0,0.4,3,6,2,0.54,0.00,0.54,0.54,0.54,0.11,0.00,0.11,0.11,0.11
Dean Huijsen,DF,2005,1,0,13,0.1,0,0,0,0,0,0,0,0,0.0,0.0,0.0,0.0,0,2,0,0.00,0.00,0.00,0.00,0.00,0.00,0.00,0.00,0.00,0.00
Elseid Hysaj,DF,1994,13,7,680,7.6,0,0,0,0,0,0,1,0,0.0,0.0,0.2,0.2,13,29,17,0.00,0.00,0.00,0.00,0.00,0.00,0.02,0.03,0.00,0.03
Arijon Ibrahimović,"FW,DF",2005,12,5,428,4.8,1,1,2,1,0,0,1,0,0.7,0.7,0.7,1.3,10,22,49,0.21,0.21,0.42,0.21,0.42,0.14,0.14,0.28,0.14,0.28
Jonathan Ikone,FW,1998,18,12,1141,12.7,1,1,2,1,0,0,5,0,2.3,2.3,1.0,3.4,31,39,114,0.08,0.08,0.16,0.08,0.16,0.18,0.08,0.27,0.18,0.27
Chukwubuikem Ikwuemesi,"FW,DF",2001,18,5,615,6.8,1,1,2,1,0,0,2,0,1.9,1.9,0.5,2.4,8,6,44,0.15,0.15,0.29,0.15,0.29,0.28,0.07,0.35,0.28,0.35
Ivan Ilić,MF,2001,24,18,1555,17.3,2,2,4,2,0,0,3,0,0.9,0.9,4.6,5.5,42,110,41,0.12,0.12,0.23,0.12,0.23,0.05,0.26,0.32,0.05,0.32
Samuel Iling-Junior,"DF,FW",2003,14,0,288,3.2,1,2,3,1,0,0,0,0,0.5,0.5,0.4,0.9,11,8,34,0.31,0.62,0.94,0.31,0.94,0.15,0.12,0.27,0.15,0.27
Ciro Immobile,FW,1990,22,16,1277,14.2,6,1,7,2,4,4,6,0,7.2,4.1,1.8,5.9,16,29,94,0.42,0.07,0.49,0.14,0.21,0.51,0.13,0.64,0.29,0.42
Gino Infantino,MF,2003,5,0,82,0.9,0,0,0,0,0,0,1,0,0.0,0.0,0.0,0.1,0,6,4,0.00,0.00,0.00,0.00,0.00,0.02,0.04,0.06,0.02,0.06
Player,Pos,Born,MP,Starts,Min,90s,Gls,Ast,G+A,G-PK,PK,PKatt,CrdY,CrdR,xG,npxG,xAG,npxG+xAG,PrgC,PrgP,PrgR,Gls,Ast,G+A,G-PK,G+A-PK,xG,xAG,xG+xAG,npxG,npxG+xAG
Gustav Isaksen,FW,2001,21,10,850,9.4,2,1,3,2,0,0,3,0,1.1,1.1,1.1,2.3,29,16,69,0.21,0.11,0.32,0.21,0.32,0.12,0.12,0.24,0.12,0.24
Ardian Ismajli,DF,1996,20,17,1554,17.3,0,0,0,0,0,0,1,0,0.1,0.1,0.1,0.1,5,38,2,0.00,0.00,0.00,0.00,0.00,0.00,0.00,0.01,0.00,0.01
Armando Izzo,DF,1992,12,9,728,8.1,0,0,0,0,0,0,5,0,0.6,0.6,0.4,1.0,5,29,4,0.00,0.00,0.00,0.00,0.00,0.07,0.05,0.12,0.07,0.12
Filip Jagiełło,MF,1997,2,0,33,0.4,0,0,0,0,0,0,0,0,0.0,0.0,0.0,0.0,1,2,2,0.00,0.00,0.00,0.00,0.00,0.00,0.00,0.00,0.00,0.00
Jakub Jankto,"MF,FW",1996,14,9,658,7.3,0,2,2,0,0,0,0,0,1.3,1.3,0.5,1.7,10,20,42,0.00,0.27,0.27,0.00,0.27,0.18,0.06,0.24,0.17,0.23
Juan Jesus,DF,1991,15,14,1306,14.5,0,0,0,0,0,0,5,0,0.4,0.4,0.2,0.6,3,47,2,0.00,0.00,0.00,0.00,0.00,0.03,0.01,0.04,0.03,0.04
Alejandro Jiménez,DF,2005,3,0,68,0.8,0,0,0,0,0,0,1,0,0.0,0.0,0.1,0.1,2,2,3,0.00,0.00,0.00,0.00,0.00,0.00,0.07,0.07,0.00,0.07
Kaio Jorge,FW,2002,16,8,769,8.5,3,0,3,2,1,1,2,0,4.3,3.5,0.3,3.9,6,10,45,0.35,0.00,0.35,0.23,0.23,0.51,0.04,0.54,0.41,0.45
Luka Jović,FW,1997,17,5,581,6.5,5,1,6,5,0,0,2,1,3.6,3.6,0.7,4.3,4,18,31,0.77,0.15,0.93,0.77,0.93,0.55,0.11,0.67,0.55,0.67
Hamed Junior Traorè,MF,2000,1,1,58,0.6,0,0,0,0,0,0,0,0,0.1,0.1,0.1,0.1,2,2,5,0.00,0.00,0.00,0.00,0.00,0.08,0.15,0.23,0.08,0.23
Mohamed Kaba,MF,2001,22,14,1317,14.6,0,0,0,0,0,0,4,1,1.2,1.2,0.8,2.0,14,60,30,0.00,0.00,0.00,0.00,0.00,0.08,0.06,0.14,0.08,0.14
Christian Kabasele,DF,1991,11,10,859,9.5,1,1,2,1,0,0,5,0,1.2,1.2,0.5,1.6,7,22,1,0.10,0.10,0.21,0.10,0.21,0.12,0.05,0.17,0.12,0.17
Yayah Kallon,FW,2001,1,0,4,0.0,0,0,0,0,0,0,0,0,0.0,0.0,0.0,0.0,0,1,0,0.00,0.00,0.00,0.00,0.00,0.00,0.00,0.00,0.00,0.00
Pierre Kalulu,DF,2000,4,1,110,1.2,0,0,0,0,0,0,0,0,0.0,0.0,0.0,0.0,1,0,3,0.00,0.00,0.00,0.00,0.00,0.00,0.00,0.00,0.00,0.00
Daichi Kamada,MF,1996,18,8,757,8.4,1,1,2,1,0,0,1,0,1.1,1.1,0.6,1.7,18,38,33,0.12,0.12,0.24,0.12,0.24,0.14,0.07,0.20,0.14,0.20
Hassane Kamara,DF,1994,23,15,1268,14.1,0,0,0,0,0,0,3,0,1.0,1.0,1.2,2.1,34,42,51,0.00,0.00,0.00,0.00,0.00,0.07,0.08,0.15,0.07,0.15
Yann Karamoh,"MF,FW",1998,10,1,162,1.8,0,0,0,0,0,0,0,0,0.1,0.1,0.1,0.2,11,5,12,0.00,0.00,0.00,0.00,0.00,0.08,0.03,0.11,0.08,0.11
Jesper Karlsson,FW,1998,6,4,323,3.6,0,0,0,0,0,0,0,0,0.4,0.4,0.2,0.6,12,16,34,0.00,0.00,0.00,0.00,0.00,0.12,0.06,0.18,0.12,0.18
Rick Karsdorp,DF,1995,14,12,982,10.9,0,2,2,0,0,0,1,0,0.4,0.4,2.1,2.5,12,28,55,0.00,0.18,0.18,0.00,0.18,0.04,0.19,0.22,0.04,0.22
Grigoris Kastanos,"MF,DF",1998,22,15,1235,13.7,2,3,5,2,0,0,4,0,2.5,2.5,2.6,5.1,20,62,60,0.15,0.22,0.36,0.15,0.36,0.19,0.19,0.37,0.19,0.37
Michael Kayode,DF,2004,17,14,1346,15.0,1,1,2,1,0,0,2,0,0.5,0.5,0.6,1.1,30,47,59,0.07,0.07,0.13,0.07,0.13,0.03,0.04,0.07,0.03,0.07
Moise Kean,FW,2000,12,6,472,5.2,0,0,0,0,0,0,2,0,1.8,1.8,0.6,2.4,11,5,24,0.00,0.00,0.00,0.00,0.00,0.35,0.11,0.46,0.35,0.46
Simon Kjær,DF,1989,15,12,997,11.1,0,1,1,0,0,0,1,0,0.4,0.4,0.5,0.9,4,44,0,0.00,0.09,0.09,0.00,0.09,0.04,0.05,0.08,0.04,0.08
Davy Klaassen,"MF,FW",1993,9,1,133,1.5,0,0,0,0,0,0,0,0,0.1,0.1,0.1,0.2,0,4,4,0.00,0.00,0.00,0.00,0.00,0.06,0.10,0.16,0.06,0.16
Sead Kolašinac,DF,1993,23,20,1723,19.1,1,0,1,1,0,0,3,0,1.0,1.0,1.0,2.0,18,77,21,0.05,0.00,0.05,0.05,0.05,0.05,0.05,0.10,0.05,0.10
Player,Pos,Born,MP,Starts,Min,90s,Gls,Ast,G+A,G-PK,PK,PKatt,CrdY,CrdR,xG,npxG,xAG,npxG+xAG,PrgC,PrgP,PrgR,Gls,Ast,G+A,G-PK,G+A-PK,xG,xAG,xG+xAG,npxG,npxG+xAG
Teun Koopmeiners,MF,1998,22,21,1857,20.6,8,3,11,6,2,2,2,0,5.1,3.5,4.5,8.0,54,120,134,0.39,0.15,0.53,0.29,0.44,0.25,0.22,0.46,0.17,0.39
Filip Kostić,"DF,FW",1992,23,21,1499,16.7,0,4,4,0,0,0,2,0,0.6,0.6,5.1,5.7,49,70,77,0.00,0.24,0.24,0.00,0.24,0.04,0.31,0.35,0.04,0.35
Christian Kouamé,FW,1997,14,7,685,7.6,1,1,2,1,0,0,0,0,0.9,0.9,1.6,2.5,8,35,78,0.13,0.13,0.26,0.13,0.26,0.12,0.21,0.32,0.12,0.32
Viktor Kovalenko,MF,1996,12,3,432,4.8,1,1,2,1,0,0,0,0,0.7,0.7,0.8,1.5,4,18,20,0.21,0.21,0.42,0.21,0.42,0.14,0.16,0.31,0.14,0.31
Thomas Kristensen,DF,2002,17,15,1331,14.8,0,0,0,0,0,0,4,1,0.2,0.2,0.0,0.2,14,33,2,0.00,0.00,0.00,0.00,0.00,0.01,0.00,0.02,0.01,0.02
Nikola Krstović,FW,2000,24,19,1500,16.7,5,0,5,4,1,2,3,0,7.6,6.0,1.1,7.2,16,28,76,0.30,0.00,0.30,0.24,0.24,0.46,0.07,0.52,0.36,0.43
Rade Krunić,MF,1993,10,8,687,7.6,0,0,0,0,0,0,3,0,0.1,0.1,0.5,0.6,5,24,3,0.00,0.00,0.00,0.00,0.00,0.02,0.07,0.08,0.02,0.08
Berkan Kutlu,MF,1998,6,0,199,2.2,0,0,0,0,0,0,0,0,0.2,0.2,0.3,0.4,4,5,9,0.00,0.00,0.00,0.00,0.00,0.07,0.13,0.20,0.07,0.20
Khvicha Kvaratskhelia,FW,2001,23,21,1811,20.1,6,3,9,6,0,0,6,0,7.9,7.8,4.1,11.9,132,60,168,0.30,0.15,0.45,0.30,0.45,0.39,0.20,0.59,0.39,0.59
Giorgi Kvernadze,"FW,DF",2003,5,0,63,0.7,0,0,0,0,0,0,0,0,0.0,0.0,0.0,0.0,0,1,6,0.00,0.00,0.00,0.00,0.00,0.00,0.00,0.00,0.00,0.00
Giorgos Kyriakopoulos,"DF,MF",1996,19,15,1293,14.4,0,3,3,0,0,0,3,0,0.8,0.8,1.2,2.0,53,53,81,0.00,0.21,0.21,0.00,0.21,0.06,0.08,0.14,0.06,0.14
Gianluca Lapadula,FW,1990,13,7,576,6.4,1,0,1,1,0,0,3,0,1.8,1.8,0.2,2.0,3,0,30,0.16,0.00,0.16,0.16,0.16,0.28,0.03,0.31,0.28,0.31
Armand Lauriente,FW,1998,25,24,1931,21.5,1,4,5,1,0,0,2,0,3.1,3.1,3.4,6.5,84,74,180,0.05,0.19,0.23,0.05,0.23,0.14,0.16,0.30,0.14,0.30
Valentino Lazaro,"DF,MF",1996,24,19,1710,19.0,0,2,2,0,0,0,3,0,1.4,1.4,2.2,3.6,48,84,90,0.00,0.11,0.11,0.00,0.11,0.07,0.12,0.19,0.07,0.19
Darko Lazović,"FW,DF",1990,20,11,1105,12.3,1,0,1,1,0,0,0,1,1.2,1.1,0.9,2.0,25,36,73,0.08,0.00,0.08,0.08,0.08,0.10,0.07,0.17,0.09,0.16
Manuel Lazzari,DF,1993,18,15,1301,14.5,0,2,2,0,0,0,2,1,0.2,0.2,1.2,1.4,61,53,77,0.00,0.14,0.14,0.00,0.14,0.02,0.08,0.10,0.02,0.10
Nicola Leali,GK,1993,2,1,91,1.0,0,0,0,0,0,0,0,0,0.0,0.0,0.0,0.0,0,0,0,0.00,0.00,0.00,0.00,0.00,0.00,0.00,0.00,0.00,0.00
Rafael Leão,FW,1999,23,20,1712,19.0,4,7,11,4,0,0,4,0,3.6,3.6,5.8,9.4,112,74,198,0.21,0.37,0.58,0.21,0.58,0.19,0.31,0.49,0.19,0.49
Jesper Lindstrøm,"FW,MF",2000,16,1,318,3.5,0,0,0,0,0,0,2,0,0.6,0.6,0.9,1.5,14,14,26,0.00,0.00,0.00,0.00,0.00,0.18,0.26,0.43,0.18,0.43
Karol Linetty,MF,1995,18,11,1056,11.7,0,0,0,0,0,0,8,0,0.2,0.2,0.5,0.7,13,62,12,0.00,0.00,0.00,0.00,0.00,0.01,0.04,0.06,0.01,0.06
Luca Lipani,MF,2005,4,3,202,2.2,0,0,0,0,0,0,0,0,0.0,0.0,0.1,0.1,0,7,0,0.00,0.00,0.00,0.00,0.00,0.02,0.03,0.04,0.02,0.04
Pol Lirola,"DF,MF",1997,14,9,676,7.5,1,1,2,1,0,0,1,0,0.9,0.9,0.8,1.7,13,27,35,0.13,0.13,0.27,0.13,0.27,0.12,0.10,0.22,0.12,0.22
Marcin Listkowski,FW,1998,1,0,8,0.1,0,0,0,0,0,0,0,0,0.0,0.0,0.0,0.0,0,1,0,0.00,0.00,0.00,0.00,0.00,0.47,0.00,0.47,0.47,0.47
Diego Llorente,DF,1993,22,20,1630,18.1,0,1,1,0,0,0,4,0,0.1,0.1,0.5,0.6,12,48,3,0.00,0.06,0.06,0.00,0.06,0.00,0.03,0.03,0.00,0.03
Stanislav Lobotka,MF,1994,25,25,2124,23.6,0,1,1,0,0,0,3,0,0.2,0.2,0.8,1.0,21,119,22,0.00,0.04,0.04,0.00,0.04,0.01,0.03,0.04,0.01,0.04
Player,Pos,Born,MP,Starts,Min,90s,Gls,Ast,G+A,G-PK,PK,PKatt,CrdY,CrdR,xG,npxG,xAG,npxG+xAG,PrgC,PrgP,PrgR,Gls,Ast,G+A,G-PK,G+A-PK,xG,xAG,xG+xAG,npxG,npxG+xAG
Manuel Locatelli,MF,1998,25,23,2035,22.6,1,3,4,1,0,0,6,0,0.5,0.5,0.9,1.4,13,156,17,0.04,0.13,0.18,0.04,0.18,0.02,0.04,0.06,0.02,0.06
Ruben Loftus-Cheek,MF,1996,22,19,1532,17.0,5,1,6,5,0,0,4,0,2.4,2.4,2.0,4.3,60,55,90,0.29,0.06,0.35,0.29,0.35,0.14,0.12,0.26,0.14,0.26
Ademola Lookman,"FW,MF",1997,19,15,1154,12.8,7,3,10,7,0,0,3,0,5.5,5.5,2.6,8.1,40,63,136,0.55,0.23,0.78,0.55,0.78,0.43,0.20,0.63,0.43,0.63
Maxime Lopez,MF,1997,11,3,378,4.2,0,0,0,0,0,0,0,0,0.2,0.2,0.4,0.6,7,24,5,0.00,0.00,0.00,0.00,0.00,0.04,0.11,0.15,0.04,0.15
Maxime Lopez,MF,1997,2,2,140,1.6,0,0,0,0,0,0,0,1,0.0,0.0,0.2,0.2,2,18,4,0.00,0.00,0.00,0.00,0.00,0.00,0.11,0.11,0.00,0.11
Matteo Lovato,DF,2000,5,4,286,3.2,0,0,0,0,0,0,2,0,0.0,0.0,0.0,0.0,0,1,0,0.00,0.00,0.00,0.00,0.00,0.01,0.00,0.01,0.01,0.01
Matteo Lovato,DF,2000,13,11,947,10.5,0,0,0,0,0,0,2,0,0.0,0.0,0.2,0.2,1,29,1,0.00,0.00,0.00,0.00,0.00,0.00,0.02,0.02,0.00,0.02
Sandi Lovrić,MF,1998,24,17,1621,18.0,1,3,4,1,0,0,1,1,2.3,2.3,2.9,5.2,44,72,66,0.06,0.17,0.22,0.06,0.22,0.13,0.16,0.29,0.13,0.29
Lorenzo Lucca,FW,2000,26,19,1689,18.8,6,3,9,6,0,0,3,0,5.5,5.5,1.1,6.6,6,13,77,0.32,0.16,0.48,0.32,0.48,0.29,0.06,0.35,0.29,0.35
Jhon Lucumí,DF,1998,17,12,1182,13.1,0,0,0,0,0,0,0,0,0.3,0.3,0.3,0.6,17,50,2,0.00,0.00,0.00,0.00,0.00,0.02,0.02,0.04,0.02,0.04
José Luis Palomino,DF,1990,4,0,27,0.3,0,0,0,0,0,0,0,0,0.0,0.0,0.0,0.0,0,2,0,0.00,0.00,0.00,0.00,0.00,0.00,0.00,0.00,0.00,0.00
Romelu Lukaku,FW,1993,23,21,1879,20.9,9,2,11,9,0,1,3,1,7.2,6.4,1.6,8.0,28,28,173,0.43,0.10,0.53,0.43,0.53,0.34,0.08,0.42,0.31,0.38
Karlo Lulić,MF,1996,1,0,19,0.2,0,0,0,0,0,0,0,0,0.0,0.0,0.0,0.0,1,0,0,0.00,0.00,0.00,0.00,0.00,0.00,0.00,0.00,0.00,0.00
Sebastiano Luperto,DF,1996,26,26,2340,26.0,1,1,2,1,0,0,2,0,1.2,1.2,1.0,2.2,7,72,9,0.04,0.04,0.08,0.04,0.08,0.05,0.04,0.09,0.05,0.09
Mateus Lusuardi,DF,2004,3,3,218,2.4,0,0,0,0,0,0,1,0,0.1,0.1,0.0,0.1,2,12,0,0.00,0.00,0.00,0.00,0.00,0.03,0.00,0.03,0.03,0.03
Zito Luvumbo,"FW,MF",2002,21,12,1354,15.0,4,3,7,4,0,0,3,0,2.6,2.6,2.5,5.1,58,15,123,0.27,0.20,0.47,0.27,0.47,0.17,0.17,0.34,0.17,0.34
Charalambos Lykogiannis,DF,1993,18,8,707,7.9,1,1,2,1,0,0,1,0,1.1,1.1,0.9,1.9,26,25,31,0.13,0.13,0.25,0.13,0.25,0.14,0.11,0.25,0.14,0.25
Giulio Maggiore,MF,1998,19,13,1235,13.7,1,0,1,1,0,0,7,1,0.8,0.8,0.6,1.4,3,45,19,0.07,0.00,0.07,0.07,0.07,0.06,0.05,0.10,0.06,0.10
Giangiacomo Magnani,DF,1995,22,20,1765,19.6,0,0,0,0,0,0,4,0,0.4,0.4,0.2,0.6,13,64,8,0.00,0.00,0.00,0.00,0.00,0.02,0.01,0.03,0.02,0.03
Mike Maignan,GK,1995,23,23,2069,23.0,0,1,1,0,0,0,1,1,0.0,0.0,0.3,0.3,0,0,0,0.00,0.04,0.04,0.00,0.04,0.00,0.01,0.01,0.00,0.01
Antoine Makoumbou,MF,1998,24,24,2046,22.7,1,0,1,1,0,0,5,2,0.6,0.6,0.8,1.4,28,103,42,0.04,0.00,0.04,0.04,0.04,0.03,0.04,0.06,0.03,0.06
Daniel Maldini,"FW,MF",2001,3,0,50,0.6,1,1,2,1,0,0,0,0,0.2,0.2,0.5,0.8,3,3,7,1.80,1.80,3.60,1.80,3.60,0.45,0.94,1.39,0.45,1.39
Daniel Maldini,"FW,MF",2001,7,3,263,2.9,0,0,0,0,0,0,1,0,0.3,0.3,0.0,0.3,7,10,10,0.00,0.00,0.00,0.00,0.00,0.10,0.01,0.12,0.10,0.12
Youssef Maleh,MF,1998,23,22,1835,20.4,0,0,0,0,0,0,9,0,1.0,1.0,1.8,2.8,12,82,51,0.00,0.00,0.00,0.00,0.00,0.05,0.09,0.14,0.05,0.14
Ruslan Malinovskyi,MF,1993,23,17,1389,15.4,3,1,4,3,0,0,7,0,0.8,0.8,0.4,1.3,20,68,27,0.19,0.06,0.26,0.19,0.26,0.05,0.03,0.08,0.05,0.08
Player,Pos,Born,MP,Starts,Min,90s,Gls,Ast,G+A,G-PK,PK,PKatt,CrdY,CrdR,xG,npxG,xAG,npxG+xAG,PrgC,PrgP,PrgR,Gls,Ast,G+A,G-PK,G+A-PK,xG,xAG,xG+xAG,npxG,npxG+xAG
Gianluca Mancini,DF,1996,25,25,2102,23.4,3,1,4,3,0,0,7,0,1.8,1.8,0.8,2.6,23,95,11,0.13,0.04,0.17,0.13,0.17,0.08,0.04,0.11,0.08,0.11
Marco Mancosu,"MF,FW",1988,5,3,155,1.7,0,0,0,0,0,1,0,0,1.2,0.5,0.2,0.7,4,8,11,0.00,0.00,0.00,0.00,0.00,0.72,0.13,0.85,0.29,0.42
Rolando Mandragora,MF,1997,23,11,1103,12.3,2,2,4,2,0,0,2,0,1.7,1.7,0.9,2.6,4,67,23,0.16,0.16,0.33,0.16,0.33,0.14,0.07,0.21,0.14,0.21
Kostas Manolas,DF,1991,1,1,60,0.7,0,0,0,0,0,0,0,0,0.0,0.0,0.0,0.0,0,1,0,0.00,0.00,0.00,0.00,0.00,0.00,0.00,0.00,0.00,0.00
Riccardo Marchizza,DF,1998,13,13,1148,12.8,0,4,4,0,0,0,1,0,0.4,0.4,0.8,1.2,6,36,39,0.00,0.31,0.31,0.00,0.31,0.03,0.06,0.10,0.03,0.10
Gian Marco Ferrari,DF,1992,18,12,1102,12.2,1,0,1,1,0,0,3,0,1.1,1.1,0.2,1.3,19,82,4,0.08,0.00,0.08,0.08,0.08,0.09,0.02,0.11,0.09,0.11
Pablo Marí,DF,1993,22,18,1553,17.3,0,0,0,0,0,0,7,0,0.3,0.3,0.3,0.6,1,43,0,0.00,0.00,0.00,0.00,0.00,0.02,0.02,0.04,0.02,0.04
Mirko Marić,FW,1995,10,1,287,3.2,1,0,1,1,0,0,0,1,0.9,0.9,0.5,1.3,2,4,30,0.31,0.00,0.31,0.31,0.31,0.27,0.15,0.42,0.27,0.42
Răzvan Marin,MF,1996,20,12,1057,11.7,0,2,2,0,0,0,1,0,0.6,0.6,1.8,2.4,11,36,22,0.00,0.17,0.17,0.00,0.17,0.05,0.15,0.20,0.05,0.20
Agustín Martegani,MF,2000,15,6,682,7.6,1,0,1,1,0,0,1,0,0.6,0.6,0.5,1.1,13,24,19,0.13,0.00,0.13,0.13,0.13,0.07,0.07,0.14,0.07,0.14
Aarón Martín,DF,1997,14,9,758,8.4,0,0,0,0,0,0,4,1,0.1,0.1,1.1,1.2,13,17,47,0.00,0.00,0.00,0.00,0.00,0.01,0.13,0.14,0.01,0.14
Josep Martinez,GK,1998,25,25,2249,25.0,0,0,0,0,0,0,4,1,0.0,0.0,0.0,0.0,0,1,0,0.00,0.00,0.00,0.00,0.00,0.00,0.00,0.00,0.00,0.00
Lautaro Martínez,FW,1997,23,22,1883,20.9,22,2,24,20,2,2,2,0,13.4,11.8,1.8,13.6,41,64,122,1.05,0.10,1.15,0.96,1.05,0.64,0.09,0.73,0.56,0.65
Lucas Martínez Quarta,DF,1996,21,19,1659,18.4,4,0,4,4,0,0,5,0,1.9,1.9,0.4,2.3,12,130,12,0.22,0.00,0.22,0.22,0.22,0.10,0.02,0.12,0.10,0.12
Adam Marušić,DF,1992,26,26,2156,24.0,0,0,0,0,0,0,3,0,0.1,0.1,0.6,0.7,26,82,57,0.00,0.00,0.00,0.00,0.00,0.00,0.03,0.03,0.00,0.03
Adam Masina,DF,1994,4,1,64,0.7,0,0,0,0,0,0,2,0,0.1,0.1,0.0,0.1,0,1,3,0.00,0.00,0.00,0.00,0.00,0.08,0.00,0.08,0.08,0.08
Adam Masina,DF,1994,5,3,373,4.1,0,0,0,0,0,0,0,0,0.2,0.2,0.1,0.3,1,20,5,0.00,0.00,0.00,0.00,0.00,0.05,0.02,0.06,0.05,0.06
Alan Matturro,DF,2004,5,1,92,1.0,0,0,0,0,0,0,0,0,0.0,0.0,0.0,0.0,0,4,1,0.00,0.00,0.00,0.00,0.00,0.00,0.00,0.00,0.00,0.00
Luca Mazzitelli,MF,1995,19,17,1486,16.5,5,0,5,5,0,0,5,1,1.7,1.7,1.0,2.7,12,118,37,0.30,0.00,0.30,0.30,0.30,0.10,0.06,0.16,0.10,0.16
Pasquale Mazzocchi,DF,1995,18,16,1272,14.1,0,1,1,0,0,0,4,0,0.3,0.3,1.3,1.6,36,36,62,0.00,0.07,0.07,0.00,0.07,0.02,0.09,0.11,0.02,0.11
Pasquale Mazzocchi,DF,1995,6,3,277,3.1,0,1,1,0,0,0,0,1,0.1,0.1,0.0,0.2,10,13,16,0.00,0.32,0.32,0.00,0.32,0.04,0.02,0.06,0.04,0.06
Jordi Mboula,"FW,MF",1999,11,5,307,3.4,0,1,1,0,0,0,0,0,0.2,0.2,0.4,0.6,10,4,22,0.00,0.29,0.29,0.00,0.29,0.06,0.11,0.17,0.06,0.17
Weston McKennie,"MF,FW",1998,25,23,2047,22.7,0,5,5,0,0,0,6,0,2.9,2.9,3.3,6.1,53,73,145,0.00,0.22,0.22,0.00,0.22,0.13,0.14,0.27,0.13,0.27
Arthur Melo,MF,1996,25,19,1595,17.7,0,1,1,0,0,0,1,0,0.1,0.1,1.5,1.6,17,103,23,0.00,0.06,0.06,0.00,0.06,0.01,0.08,0.09,0.01,0.09
Leonardo Mendicino,MF,2006,1,0,1,0.0,0,0,0,0,0,0,0,0,0.0,0.0,0.0,0.0,0,0,0,0.00,0.00,0.00,0.00,0.00,0.00,0.00,0.00,0.00,0.00
Player,Pos,Born,MP,Starts,Min,90s,Gls,Ast,G+A,G-PK,PK,PKatt,CrdY,CrdR,xG,npxG,xAG,npxG+xAG,PrgC,PrgP,PrgR,Gls,Ast,G+A,G-PK,G+A-PK,xG,xAG,xG+xAG,npxG,npxG+xAG
Alex Meret,GK,1997,18,18,1603,17.8,0,0,0,0,0,0,0,0,0.0,0.0,0.0,0.0,0,0,0,0.00,0.00,0.00,0.00,0.00,0.00,0.00,0.00,0.00,0.00
Junior Messias,"MF,DF",1991,12,7,588,6.5,1,0,1,1,0,0,0,0,0.9,0.9,0.8,1.7,25,19,44,0.15,0.00,0.15,0.15,0.15,0.14,0.12,0.26,0.14,0.26
Nikola Milenković,DF,1997,24,19,1805,20.1,0,0,0,0,0,0,3,0,0.3,0.3,0.4,0.7,4,54,6,0.00,0.00,0.00,0.00,0.00,0.02,0.02,0.04,0.02,0.04
Arkadiusz Milik,FW,1994,24,5,669,7.4,2,1,3,2,0,0,2,1,3.9,3.9,2.1,6.1,9,18,34,0.27,0.13,0.40,0.27,0.40,0.53,0.29,0.82,0.53,0.82
Vanja Milinković-Savić,GK,1997,25,25,2250,25.0,0,0,0,0,0,0,2,0,0.0,0.0,0.0,0.0,0,0,0,0.00,0.00,0.00,0.00,0.00,0.00,0.00,0.00,0.00,0.00
Yerry Mina,"DF,MF",1994,4,0,44,0.5,0,0,0,0,0,0,1,0,0.1,0.1,0.0,0.1,0,2,1,0.00,0.00,0.00,0.00,0.00,0.12,0.00,0.12,0.12,0.12
Yerry Mina,DF,1994,4,4,318,3.5,0,0,0,0,0,0,0,0,0.0,0.0,0.0,0.0,1,6,0,0.00,0.00,0.00,0.00,0.00,0.00,0.00,0.00,0.00,0.00
Aleksei Miranchuk,"MF,FW",1995,16,7,712,7.9,2,3,5,2,0,0,1,0,3.0,3.0,2.7,5.8,22,47,75,0.25,0.38,0.63,0.25,0.63,0.38,0.35,0.73,0.38,0.73
Kevin Miranda,DF,2003,1,0,14,0.2,0,0,0,0,0,0,0,0,0.0,0.0,0.0,0.0,0,0,0,0.00,0.00,0.00,0.00,0.00,0.00,0.00,0.00,0.00,0.00
Antonio Mirante,GK,1983,1,1,90,1.0,0,0,0,0,0,0,0,0,0.0,0.0,0.0,0.0,0,0,0,0.00,0.00,0.00,0.00,0.00,0.00,0.00,0.00,0.00,0.00
Fabio Miretti,MF,2003,17,11,728,8.1,1,1,2,1,0,0,2,0,0.5,0.5,0.8,1.3,15,26,43,0.12,0.12,0.25,0.12,0.25,0.07,0.10,0.17,0.07,0.17
Filippo Missori,DF,2004,3,0,68,0.8,0,0,0,0,0,0,0,0,0.1,0.1,0.0,0.1,3,4,2,0.00,0.00,0.00,0.00,0.00,0.14,0.04,0.18,0.14,0.18
Stefan Mitrović,FW,2002,1,0,33,0.4,0,0,0,0,0,0,0,0,0.0,0.0,0.0,0.0,1,2,2,0.00,0.00,0.00,0.00,0.00,0.00,0.00,0.00,0.00,0.00
Henrikh Mkhitaryan,MF,1989,25,24,1997,22.2,2,6,8,2,0,0,4,0,2.8,2.8,3.8,6.6,70,138,84,0.09,0.27,0.36,0.09,0.36,0.13,0.17,0.30,0.13,0.30
Ilario Monterisi,DF,2001,21,16,1446,16.1,2,2,4,2,0,0,1,0,1.1,1.1,0.4,1.5,4,47,18,0.12,0.12,0.25,0.12,0.25,0.07,0.02,0.09,0.07,0.09
Lorenzo Montipò,GK,1996,26,26,2340,26.0,0,1,1,0,0,0,0,0,0.0,0.0,0.0,0.0,0,0,0,0.00,0.04,0.04,0.00,0.04,0.00,0.00,0.00,0.00,0.00
Nikola Moro,MF,1998,20,9,696,7.7,1,0,1,1,0,0,0,0,0.7,0.7,0.3,1.0,15,45,36,0.13,0.00,0.13,0.13,0.13,0.09,0.03,0.13,0.09,0.13
Dany Mota,"FW,MF",1998,25,17,1549,17.2,3,2,5,3,0,0,3,0,3.1,3.1,1.9,5.0,90,51,111,0.17,0.12,0.29,0.17,0.29,0.18,0.11,0.29,0.18,0.29
Samuele Mulattieri,"FW,MF",2000,20,0,259,2.9,0,0,0,0,0,0,1,0,1.2,1.2,0.2,1.4,6,0,22,0.00,0.00,0.00,0.00,0.00,0.42,0.06,0.48,0.42,0.48
Luis Muriel,"FW,MF",1991,18,2,409,4.5,2,1,3,2,0,0,0,0,1.5,1.5,1.7,3.3,19,24,57,0.44,0.22,0.66,0.44,0.66,0.34,0.38,0.72,0.34,0.72
Yunus Musah,"MF,FW",2002,21,8,990,11.0,0,1,1,0,0,0,4,0,0.4,0.4,0.6,1.1,28,41,47,0.00,0.09,0.09,0.00,0.09,0.04,0.06,0.10,0.04,0.10
Juan Musso,GK,1994,10,10,900,10.0,0,0,0,0,0,0,0,0,0.0,0.0,0.0,0.0,0,0,0,0.00,0.00,0.00,0.00,0.00,0.00,0.00,0.00,0.00,0.00
Obite N'Dicka,DF,1999,16,16,1422,15.8,0,1,1,0,0,0,3,0,0.5,0.5,0.6,1.1,10,44,8,0.00,0.06,0.06,0.00,0.06,0.03,0.04,0.07,0.03,0.07
Nahitan Nández,"MF,DF",1995,22,19,1483,16.5,1,1,2,0,1,1,4,0,2.9,2.1,1.6,3.6,38,60,56,0.06,0.06,0.12,0.00,0.06,0.17,0.10,0.27,0.13,0.22
Natan,DF,2001,12,10,878,9.8,0,0,0,0,0,0,3,1,0.4,0.4,0.1,0.5,15,32,9,0.00,0.00,0.00,0.00,0.00,0.04,0.01,0.05,0.04,0.05
Player,Pos,Born,MP,Starts,Min,90s,Gls,Ast,G+A,G-PK,PK,PKatt,CrdY,CrdR,xG,npxG,xAG,npxG+xAG,PrgC,PrgP,PrgR,Gls,Ast,G+A,G-PK,G+A-PK,xG,xAG,xG+xAG,npxG,npxG+xAG
Michel Ndary Adopo,"MF,DF",2000,8,0,52,0.6,0,1,1,0,0,0,0,0,0.1,0.1,0.1,0.1,2,5,10,0.00,1.73,1.73,0.00,1.73,0.12,0.09,0.20,0.12,0.20
Dan Ndoye,"FW,MF",2000,21,13,1163,12.9,0,1,1,0,0,0,3,0,2.0,2.0,1.5,3.5,67,27,107,0.00,0.08,0.08,0.00,0.08,0.15,0.11,0.27,0.15,0.27
Cyril Ngonge,"FW,MF",2000,19,17,1431,15.9,6,2,8,6,0,0,4,0,4.2,3.4,1.7,5.1,53,44,117,0.38,0.13,0.50,0.38,0.50,0.27,0.11,0.37,0.21,0.32
Cyril Ngonge,FW,2000,4,0,75,0.8,1,0,1,1,0,0,0,0,0.6,0.6,0.0,0.6,3,0,10,1.20,0.00,1.20,1.20,1.20,0.69,0.00,0.69,0.69,0.69
M'Baye Niang,FW,1994,3,0,102,1.1,3,1,4,0,3,3,0,0,2.6,0.4,0.6,1.0,0,4,6,2.65,0.88,3.53,0.00,0.88,2.34,0.56,2.89,0.32,0.87
Hans Nicolussi Caviglia,MF,2000,6,3,241,2.7,0,1,1,0,0,0,1,0,0.1,0.1,0.6,0.7,0,12,0,0.00,0.37,0.37,0.00,0.37,0.04,0.22,0.26,0.04,0.26
Rasmus Nissen,DF,1997,24,15,1457,16.2,1,1,2,1,0,0,4,0,0.4,0.4,0.8,1.3,15,34,100,0.06,0.06,0.12,0.06,0.12,0.03,0.05,0.08,0.03,0.08
Joseph Nonge,MF,2005,1,0,10,0.1,0,0,0,0,0,0,0,0,0.0,0.0,0.0,0.0,0,1,2,0.00,0.00,0.00,0.00,0.00,0.00,0.00,0.00,0.00,0.00
Tijjani Noslin,FW,1999,5,5,329,3.7,1,0,1,1,0,0,0,0,0.3,0.3,0.4,0.7,5,3,18,0.27,0.00,0.27,0.27,0.27,0.07,0.12,0.19,0.07,0.19
Simeon Nwankwo,FW,1992,9,5,488,5.4,1,0,1,1,0,0,0,0,1.0,1.0,0.1,1.1,4,6,24,0.18,0.00,0.18,0.18,0.18,0.19,0.01,0.20,0.19,0.20
M'Bala Nzola,FW,1996,25,12,1271,14.1,2,2,4,1,1,1,1,0,4.3,3.5,1.0,4.5,18,22,122,0.14,0.14,0.28,0.07,0.21,0.30,0.07,0.37,0.25,0.32
Adam Obert,DF,2002,11,6,575,6.4,0,0,0,0,0,0,1,0,0.0,0.0,0.6,0.6,9,23,3,0.00,0.00,0.00,0.00,0.00,0.01,0.09,0.09,0.01,0.09
Pedro Obiang,MF,1992,1,0,10,0.1,0,0,0,0,0,0,0,0,0.0,0.0,0.0,0.0,0,0,1,0.00,0.00,0.00,0.00,0.00,0.00,0.00,0.00,0.00,0.00
Guillermo Ochoa,GK,1985,18,18,1620,18.0,0,0,0,0,0,0,0,0,0.0,0.0,0.0,0.0,0,0,0,0.00,0.00,0.00,0.00,0.00,0.00,0.00,0.00,0.00,0.00
Jens Odgaard,FW,1999,2,0,33,0.4,2,0,2,2,0,0,0,0,1.1,1.1,0.0,1.1,1,1,1,5.45,0.00,5.45,5.45,5.45,3.02,0.00,3.02,3.02,3.02
Noah Okafor,"FW,MF",2000,18,3,504,5.6,4,0,4,4,0,0,1,0,2.4,2.4,0.0,2.5,17,8,35,0.71,0.00,0.71,0.71,0.71,0.43,0.01,0.44,0.43,0.44
David Okereke,"FW,MF",1997,3,0,30,0.3,0,0,0,0,0,0,0,0,0.1,0.1,0.0,0.1,3,0,7,0.00,0.00,0.00,0.00,0.00,0.16,0.00,0.16,0.16,0.16
Caleb Okoli,DF,2001,22,20,1856,20.6,0,0,0,0,0,0,6,0,0.3,0.3,0.1,0.3,13,67,2,0.00,0.00,0.00,0.00,0.00,0.01,0.00,0.02,0.01,0.02
Maduka Okoye,GK,1999,9,9,810,9.0,0,0,0,0,0,0,0,0,0.0,0.0,0.0,0.0,0,0,0,0.00,0.00,0.00,0.00,0.00,0.00,0.00,0.00,0.00,0.00
Mathías Olivera,DF,1997,14,10,875,9.7,0,1,1,0,0,0,3,0,0.2,0.2,0.5,0.7,11,39,60,0.00,0.10,0.10,0.00,0.10,0.02,0.05,0.07,0.02,0.07
Gaetano Oristanio,"FW,MF",2002,19,9,865,9.6,2,1,3,2,0,0,1,0,1.5,1.5,0.8,2.3,22,23,56,0.21,0.10,0.31,0.21,0.31,0.16,0.08,0.24,0.16,0.24
Riccardo Orsolini,"FW,MF",1997,22,14,1289,14.3,9,2,11,7,2,3,1,0,5.6,3.3,2.5,5.8,42,47,121,0.63,0.14,0.77,0.49,0.63,0.39,0.17,0.57,0.23,0.40
Victor Osimhen,FW,1998,14,12,1075,11.9,8,2,10,6,2,3,4,1,7.3,4.9,1.8,6.7,20,14,72,0.67,0.17,0.84,0.50,0.67,0.61,0.15,0.76,0.41,0.56
Remi Oudin,"MF,FW",1996,20,15,1252,13.9,3,1,4,3,0,0,2,0,1.1,1.1,4.3,5.4,19,59,62,0.22,0.07,0.29,0.22,0.29,0.08,0.31,0.39,0.08,0.39
Anthony Oyono,DF,2001,16,14,1198,13.3,0,1,1,0,0,0,4,0,0.1,0.1,0.9,1.0,35,33,39,0.00,0.08,0.08,0.00,0.08,0.01,0.07,0.08,0.01,0.08
Player,Pos,Born,MP,Starts,Min,90s,Gls,Ast,G+A,G-PK,PK,PKatt,CrdY,CrdR,xG,npxG,xAG,npxG+xAG,PrgC,PrgP,PrgR,Gls,Ast,G+A,G-PK,G+A-PK,xG,xAG,xG+xAG,npxG,npxG+xAG
Simone Pafundi,MF,2006,1,0,8,0.1,0,0,0,0,0,0,0,0,0.0,0.0,0.0,0.0,0,1,1,0.00,0.00,0.00,0.00,0.00,0.00,0.00,0.00,0.00,0.00
Riccardo Pagano,"MF,DF",2004,4,0,51,0.6,0,0,0,0,0,0,0,0,0.1,0.1,0.0,0.1,1,3,2,0.00,0.00,0.00,0.00,0.00,0.10,0.09,0.18,0.10,0.18
Leandro Paredes,MF,1994,24,22,1838,20.4,2,4,6,0,2,2,11,0,2.2,0.6,1.7,2.4,19,129,12,0.10,0.20,0.29,0.00,0.20,0.11,0.08,0.19,0.03,0.12
Fabiano Parisi,DF,2000,15,11,1002,11.1,0,1,1,0,0,0,3,0,0.8,0.8,1.6,2.4,33,54,47,0.00,0.09,0.09,0.00,0.09,0.07,0.14,0.21,0.07,0.21
Mario Pašalić,"MF,FW",1995,22,11,1069,11.9,4,3,7,4,0,0,2,0,4.0,4.0,2.6,6.6,28,54,49,0.34,0.25,0.59,0.34,0.59,0.34,0.22,0.56,0.34,0.56
Triantafyllos Pasaridīs,DF,1996,3,3,252,2.8,0,0,0,0,0,0,1,0,,,,,,,,0.00,0.00,0.00,0.00,0.00,,,,,
Patric,DF,1993,13,13,1023,11.4,1,0,1,1,0,0,3,0,0.4,0.4,0.0,0.4,2,39,1,0.09,0.00,0.09,0.09,0.09,0.03,0.00,0.04,0.03,0.04
Rui Patrício,GK,1988,23,23,2070,23.0,0,0,0,0,0,0,1,0,0.0,0.0,0.0,0.0,0,0,0,0.00,0.00,0.00,0.00,0.00,0.00,0.00,0.00,0.00,0.00
Benjamin Pavard,DF,1996,14,12,925,10.3,0,0,0,0,0,0,3,0,0.5,0.5,0.6,1.1,14,51,28,0.00,0.00,0.00,0.00,0.00,0.05,0.06,0.11,0.05,0.11
Leonardo Pavoletti,FW,1988,19,5,628,7.0,4,1,5,4,0,0,4,0,2.6,2.6,0.3,2.9,1,16,40,0.57,0.14,0.72,0.57,0.72,0.37,0.04,0.41,0.37,0.41
Martín Payero,MF,1998,19,12,1070,11.9,1,1,2,1,0,0,2,1,1.1,1.1,0.6,1.7,30,51,44,0.08,0.08,0.17,0.08,0.17,0.09,0.05,0.14,0.09,0.14
Marcus Pedersen,DF,2000,22,12,1221,13.6,0,2,2,0,0,0,4,0,0.1,0.1,1.0,1.1,35,24,76,0.00,0.15,0.15,0.00,0.15,0.01,0.07,0.08,0.01,0.08
Pedro,FW,1987,24,4,615,6.8,1,0,1,1,0,0,3,0,1.1,1.1,1.7,2.8,26,22,69,0.15,0.00,0.15,0.15,0.15,0.16,0.25,0.41,0.16,0.41
Pietro Pellegri,"FW,MF",2001,18,4,504,5.6,0,0,0,0,0,0,2,0,0.7,0.7,0.0,0.7,8,3,32,0.00,0.00,0.00,0.00,0.00,0.12,0.00,0.12,0.12,0.12
Lorenzo Pellegrini,MF,1996,18,12,1161,12.9,5,3,8,5,0,0,4,0,2.5,2.5,1.7,4.2,29,56,57,0.39,0.23,0.62,0.39,0.62,0.19,0.13,0.32,0.19,0.32
Luca Pellegrini,DF,1999,14,4,538,6.0,1,0,1,1,0,0,4,0,0.2,0.2,0.0,0.3,16,38,17,0.17,0.00,0.17,0.17,0.17,0.04,0.01,0.04,0.04,0.04
Marco Pellegrino,DF,,4,3,300,3.3,0,0,0,0,0,0,0,0,0.0,0.0,0.0,0.1,0,4,1,0.00,0.00,0.00,0.00,0.00,0.01,0.01,0.02,0.01,0.02
Marco Pellegrino,DF,,1,0,68,0.8,0,0,0,0,0,0,0,0,0.0,0.0,0.0,0.0,1,3,0,0.00,0.00,0.00,0.00,0.00,0.03,0.00,0.03,0.03,0.03
Pepín,"MF,FW",1996,9,2,236,2.6,0,0,0,0,0,0,2,0,0.1,0.1,0.1,0.2,1,13,12,0.00,0.00,0.00,0.00,0.00,0.05,0.02,0.07,0.05,0.07
Pedro Pereira,DF,1998,17,8,666,7.4,0,2,2,0,0,0,3,0,0.2,0.2,0.5,0.7,16,34,61,0.00,0.27,0.27,0.00,0.27,0.03,0.06,0.09,0.03,0.09
Roberto Pereyra,"FW,MF",1991,19,15,1242,13.8,3,2,5,2,1,1,5,0,3.0,2.2,1.5,3.7,26,46,64,0.22,0.14,0.36,0.14,0.29,0.21,0.11,0.33,0.16,0.27
Nehuén Pérez,DF,2000,26,26,2340,26.0,0,0,0,0,0,0,4,0,1.1,1.1,0.1,1.2,23,89,19,0.00,0.00,0.00,0.00,0.00,0.04,0.01,0.05,0.04,0.05
Mattia Perin,GK,1992,2,2,180,2.0,0,0,0,0,0,0,0,0,0.0,0.0,0.0,0.0,0,0,0,0.00,0.00,0.00,0.00,0.00,0.00,0.00,0.00,0.00,0.00
Samuele Perisan,GK,1997,1,1,90,1.0,0,0,0,0,0,0,0,0,0.0,0.0,0.0,0.0,0,0,0,0.00,0.00,0.00,0.00,0.00,0.00,0.00,0.00,0.00,0.00
Matteo Pessina,MF,1997,26,26,2256,25.1,4,2,6,1,3,4,3,0,3.9,0.8,0.9,1.7,53,138,30,0.16,0.08,0.24,0.04,0.12,0.16,0.04,0.19,0.03,0.07
Player,Pos,Born,MP,Starts,Min,90s,Gls,Ast,G+A,G-PK,PK,PKatt,CrdY,CrdR,xG,npxG,xAG,npxG+xAG,PrgC,PrgP,PrgR,Gls,Ast,G+A,G-PK,G+A-PK,xG,xAG,xG+xAG,npxG,npxG+xAG
Andrea Petagna,FW,1995,18,13,995,11.1,1,1,2,1,0,0,2,0,1.6,1.6,1.0,2.6,11,14,56,0.09,0.09,0.18,0.09,0.18,0.15,0.09,0.23,0.15,0.23
Giuseppe Pezzella,DF,1997,8,4,338,3.8,0,0,0,0,0,0,1,0,0.1,0.1,0.0,0.1,22,21,11,0.00,0.00,0.00,0.00,0.00,0.03,0.01,0.04,0.03,0.04
Roberto Piccoli,FW,2001,2,0,39,0.4,0,0,0,0,0,0,0,0,0.1,0.1,0.0,0.1,0,1,0,0.00,0.00,0.00,0.00,0.00,0.12,0.00,0.12,0.12,0.12
Roberto Piccoli,FW,2001,24,5,752,8.4,4,0,4,3,1,1,2,0,2.5,1.7,0.1,1.9,11,11,38,0.48,0.00,0.48,0.36,0.36,0.30,0.01,0.32,0.21,0.22
Santiago Pierotti,"MF,DF",2001,2,0,26,0.3,0,0,0,0,0,0,0,0,0.2,0.2,0.0,0.2,0,1,5,0.00,0.00,0.00,0.00,0.00,0.56,0.00,0.56,0.56,0.56
Niccolò Pierozzi,DF,2001,5,4,323,3.6,0,0,0,0,0,0,2,0,0.1,0.1,0.0,0.1,3,8,11,0.00,0.00,0.00,0.00,0.00,0.01,0.01,0.03,0.01,0.03
Andrea Pinamonti,FW,1999,25,25,2019,22.4,9,0,9,8,1,2,2,0,6.3,4.7,0.9,5.6,11,25,93,0.40,0.00,0.40,0.36,0.36,0.28,0.04,0.32,0.21,0.25
Lorenzo Pirola,DF,2002,17,15,1205,13.4,1,0,1,1,0,0,2,0,0.6,0.6,0.0,0.6,8,35,7,0.07,0.00,0.07,0.07,0.07,0.05,0.00,0.05,0.05,0.05
Niccolò Pisilli,MF,2004,1,0,10,0.1,0,0,0,0,0,0,0,0,0.0,0.0,0.0,0.0,0,0,1,0.00,0.00,0.00,0.00,0.00,0.00,0.00,0.00,0.00,0.00
Tommaso Pobega,MF,1999,9,3,299,3.3,0,0,0,0,0,0,0,0,0.2,0.2,0.0,0.2,6,10,9,0.00,0.00,0.00,0.00,0.00,0.07,0.00,0.07,0.07,0.07
Paul Pogba,MF,1993,2,0,54,0.6,0,0,0,0,0,0,0,0,0.0,0.0,0.0,0.0,1,5,5,0.00,0.00,0.00,0.00,0.00,0.00,0.02,0.02,0.00,0.02
Matteo Politano,FW,1993,24,19,1492,16.6,6,3,9,4,2,2,2,1,5.1,3.6,3.6,7.2,77,107,144,0.36,0.18,0.54,0.24,0.42,0.31,0.22,0.53,0.21,0.43
Marin Pongračić,DF,1997,24,24,2139,23.8,0,0,0,0,0,0,8,1,1.0,1.0,0.2,1.1,24,81,3,0.00,0.00,0.00,0.00,0.00,0.04,0.01,0.05,0.04,0.05
Stefan Posch,DF,1997,21,19,1596,17.7,0,2,2,0,0,0,6,0,0.6,0.6,1.2,1.9,28,83,37,0.00,0.11,0.11,0.00,0.11,0.04,0.07,0.11,0.04,0.11
Matteo Prati,MF,2003,18,16,1507,16.7,0,0,0,0,0,0,3,0,1.6,1.6,0.4,1.9,7,58,13,0.00,0.00,0.00,0.00,0.00,0.09,0.02,0.12,0.09,0.12
Ivan Provedel,GK,1994,26,26,2340,26.0,0,0,0,0,0,0,0,0,0.0,0.0,0.0,0.0,0,1,0,0.00,0.00,0.00,0.00,0.00,0.00,0.00,0.00,0.00,0.00
Christian Pulisic,FW,1998,24,22,1748,19.4,7,6,13,7,0,0,1,0,4.1,4.1,3.4,7.6,82,52,181,0.36,0.31,0.67,0.36,0.67,0.21,0.18,0.39,0.21,0.39
George Pușcaș,FW,1996,8,1,191,2.1,0,0,0,0,0,0,0,0,2.1,2.1,0.1,2.2,5,3,17,0.00,0.00,0.00,0.00,0.00,0.98,0.04,1.02,0.98,1.02
Domingos Quina,MF,1999,2,0,13,0.1,0,0,0,0,0,0,0,0,0.0,0.0,0.0,0.0,0,1,0,0.00,0.00,0.00,0.00,0.00,0.00,0.00,0.00,0.00,0.00
Adrien Rabiot,MF,1995,22,22,1918,21.3,4,3,7,4,0,0,6,0,2.6,2.5,3.6,6.2,50,80,87,0.19,0.14,0.33,0.19,0.33,0.12,0.17,0.29,0.12,0.29
Uroš Račić,MF,1998,11,3,387,4.3,0,0,0,0,0,0,0,0,0.4,0.4,0.1,0.5,1,18,5,0.00,0.00,0.00,0.00,0.00,0.10,0.02,0.12,0.10,0.12
Nemanja Radonjić,"MF,FW",1996,10,4,374,4.2,3,0,3,3,0,0,1,0,1.7,1.7,0.2,1.9,11,7,24,0.72,0.00,0.72,0.72,0.72,0.41,0.05,0.46,0.41,0.46
Boris Radunović,GK,1996,7,7,630,7.0,0,0,0,0,0,0,0,0,0.0,0.0,0.0,0.0,0,0,0,0.00,0.00,0.00,0.00,0.00,0.00,0.00,0.00,0.00,0.00
Hamza Rafia,MF,1999,21,13,927,10.3,1,0,1,1,0,0,4,0,0.7,0.7,0.6,1.3,13,34,31,0.10,0.00,0.10,0.10,0.10,0.07,0.06,0.13,0.07,0.13
Ylber Ramadani,MF,1996,24,24,2107,23.4,1,0,1,1,0,0,10,0,0.9,0.9,0.3,1.3,22,87,8,0.04,0.00,0.04,0.04,0.04,0.04,0.01,0.05,0.04,0.05
Player,Pos,Born,MP,Starts,Min,90s,Gls,Ast,G+A,G-PK,PK,PKatt,CrdY,CrdR,xG,npxG,xAG,npxG+xAG,PrgC,PrgP,PrgR,Gls,Ast,G+A,G-PK,G+A-PK,xG,xAG,xG+xAG,npxG,npxG+xAG
Luca Ranieri,DF,1999,17,14,1292,14.4,1,0,1,1,0,0,10,0,0.5,0.5,0.2,0.7,8,60,3,0.07,0.00,0.07,0.07,0.07,0.03,0.02,0.05,0.03,0.05
Filippo Ranocchia,"MF,DF",2001,9,5,476,5.3,0,0,0,0,0,0,3,0,0.2,0.2,0.5,0.8,5,21,11,0.00,0.00,0.00,0.00,0.00,0.04,0.10,0.14,0.04,0.14
Giacomo Raspadori,"FW,MF",2000,25,12,1246,13.8,3,3,6,3,0,1,0,0,4.0,3.3,3.1,6.4,18,42,107,0.22,0.22,0.43,0.22,0.43,0.29,0.22,0.52,0.23,0.46
Federico Ravaglia,GK,1999,3,3,270,3.0,0,0,0,0,0,0,0,0,0.0,0.0,0.0,0.0,0,0,0,0.00,0.00,0.00,0.00,0.00,0.00,0.00,0.00,0.00,0.00
Tijjani Reijnders,MF,1998,24,23,1966,21.8,2,2,4,2,0,0,5,0,2.9,2.9,2.0,4.9,57,127,58,0.09,0.09,0.18,0.09,0.18,0.13,0.09,0.22,0.13,0.22
Reinier,"MF,FW",2002,13,10,738,8.2,1,2,3,1,0,0,2,0,0.8,0.8,1.8,2.6,7,26,30,0.12,0.24,0.37,0.12,0.37,0.10,0.22,0.32,0.10,0.32
Mateo Retegui,FW,1999,19,17,1428,15.9,6,2,8,6,0,0,4,0,4.0,4.0,0.5,4.5,10,12,79,0.38,0.13,0.50,0.38,0.50,0.25,0.03,0.28,0.25,0.28
Samuele Ricci,MF,2001,22,19,1558,17.3,1,2,3,1,0,0,4,0,1.1,1.1,1.7,2.8,33,92,55,0.06,0.12,0.17,0.06,0.17,0.07,0.10,0.16,0.07,0.16
Ricardo Rodríguez,DF,1992,24,23,1883,20.9,0,1,1,0,0,0,3,0,0.1,0.1,0.6,0.8,51,89,24,0.00,0.05,0.05,0.00,0.05,0.01,0.03,0.04,0.01,0.04
Alessio Romagnoli,DF,1995,19,17,1601,17.8,0,0,0,0,0,0,4,0,0.3,0.3,0.1,0.4,5,63,0,0.00,0.00,0.00,0.00,0.00,0.02,0.01,0.02,0.02,0.02
Simone Romagnoli,DF,1990,22,19,1743,19.4,1,1,2,1,0,0,5,0,0.8,0.8,0.4,1.2,1,36,1,0.05,0.05,0.10,0.05,0.10,0.04,0.02,0.06,0.04,0.06
Luka Romero,"FW,MF",2004,4,0,88,1.0,0,0,0,0,0,0,1,0,0.1,0.1,0.0,0.1,4,3,7,0.00,0.00,0.00,0.00,0.00,0.09,0.00,0.09,0.09,0.09
Marten de Roon,"MF,DF",1991,23,23,2070,23.0,0,5,5,0,0,0,9,0,0.3,0.3,0.9,1.2,22,138,16,0.00,0.22,0.22,0.00,0.22,0.01,0.04,0.05,0.01,0.05
Nicolò Rovella,MF,2001,18,14,1160,12.9,0,0,0,0,0,0,5,0,0.6,0.6,0.3,0.9,20,45,10,0.00,0.00,0.00,0.00,0.00,0.05,0.02,0.07,0.05,0.07
Amir Rrahmani,DF,1994,20,20,1755,19.5,1,0,1,1,0,0,3,0,1.5,1.5,0.6,2.0,11,82,2,0.05,0.00,0.05,0.05,0.05,0.07,0.03,0.10,0.07,0.10
Ruan,DF,1999,20,12,1139,12.7,0,0,0,0,0,0,5,1,0.5,0.5,0.6,1.1,5,26,1,0.00,0.00,0.00,0.00,0.00,0.04,0.05,0.09,0.04,0.09
Daniele Rugani,DF,1994,13,9,841,9.3,2,0,2,2,0,0,2,0,1.3,1.3,0.0,1.3,2,36,2,0.21,0.00,0.21,0.21,0.21,0.14,0.00,0.14,0.14,0.14
Matteo Ruggeri,DF,2002,23,22,1827,20.3,0,3,3,0,0,0,3,0,0.4,0.4,1.4,1.7,41,109,99,0.00,0.15,0.15,0.00,0.15,0.02,0.07,0.09,0.02,0.09
Mário Rui,DF,1991,15,10,830,9.2,0,1,1,0,0,0,5,0,0.1,0.1,1.0,1.2,22,67,46,0.00,0.11,0.11,0.00,0.11,0.02,0.11,0.13,0.02,0.13
Stefano Sabelli,DF,1993,23,22,1865,20.7,0,0,0,0,0,0,4,0,0.3,0.3,1.6,1.9,56,66,74,0.00,0.00,0.00,0.00,0.00,0.02,0.08,0.09,0.02,0.09
Alexis Saelemaekers,"FW,MF",1999,19,13,1164,12.9,1,1,2,1,0,0,6,1,1.1,1.1,1.4,2.5,43,45,112,0.08,0.08,0.15,0.08,0.15,0.09,0.11,0.20,0.09,0.20
Lazar Samardzic,MF,2002,24,19,1575,17.5,3,2,5,3,0,0,1,0,1.9,1.9,2.9,4.8,44,57,46,0.17,0.11,0.29,0.17,0.29,0.11,0.17,0.27,0.11,0.27
Junior Sambia,"DF,MF",1996,8,4,449,5.0,0,0,0,0,0,0,0,0,0.3,0.3,0.3,0.6,8,20,18,0.00,0.00,0.00,0.00,0.00,0.06,0.06,0.12,0.06,0.12
Antonio Sanabria,"FW,MF",1996,23,18,1577,17.5,3,0,3,2,1,1,2,0,7.1,6.3,1.3,7.6,16,42,89,0.17,0.00,0.17,0.11,0.11,0.40,0.08,0.48,0.36,0.43
Renato Sanches,MF,1997,6,1,124,1.4,1,0,1,1,0,0,2,0,0.1,0.1,0.2,0.3,5,10,5,0.73,0.00,0.73,0.73,0.73,0.06,0.16,0.22,0.06,0.22
Player,Pos,Born,MP,Starts,Min,90s,Gls,Ast,G+A,G-PK,PK,PKatt,CrdY,CrdR,xG,npxG,xAG,npxG+xAG,PrgC,PrgP,PrgR,Gls,Ast,G+A,G-PK,G+A-PK,xG,xAG,xG+xAG,npxG,npxG+xAG
Alexis Sánchez,FW,1988,12,2,301,3.3,0,1,1,0,0,0,0,0,0.6,0.6,1.4,2.1,6,20,24,0.00,0.30,0.30,0.00,0.30,0.19,0.43,0.62,0.19,0.62
Alex Sandro,DF,1991,12,6,536,6.0,0,0,0,0,0,0,1,0,0.1,0.1,0.8,1.0,14,38,7,0.00,0.00,0.00,0.00,0.00,0.02,0.14,0.16,0.02,0.16
Nicola Sansone,"FW,MF",1991,17,4,552,6.1,1,2,3,1,0,0,2,0,1.5,1.5,0.9,2.4,11,22,54,0.16,0.33,0.49,0.16,0.49,0.25,0.14,0.39,0.25,0.39
Riccardo Saponara,"FW,MF",1991,12,3,342,3.8,0,0,0,0,0,0,0,0,0.1,0.1,0.2,0.3,12,14,32,0.00,0.00,0.00,0.00,0.00,0.03,0.04,0.07,0.03,0.07
Saba Sazonov,DF,2002,9,2,329,3.7,0,0,0,0,0,0,1,0,0.2,0.2,0.0,0.2,0,8,0,0.00,0.00,0.00,0.00,0.00,0.04,0.01,0.06,0.04,0.06
Giorgio Scalvini,DF,2003,23,22,1872,20.8,0,3,3,0,0,0,2,0,1.2,1.2,1.0,2.2,21,80,16,0.00,0.14,0.14,0.00,0.14,0.06,0.05,0.10,0.06,0.10
Gianluca Scamacca,FW,1999,19,9,892,9.9,6,3,9,6,0,0,1,0,4.4,4.4,1.0,5.4,15,20,98,0.61,0.30,0.91,0.61,0.91,0.45,0.10,0.55,0.45,0.55
Perr Schuurs,DF,1999,9,9,770,8.6,1,0,1,1,0,0,2,0,0.7,0.7,0.0,0.7,9,19,4,0.12,0.00,0.12,0.12,0.12,0.08,0.00,0.08,0.08,0.08
Simone Scuffet,GK,1996,19,19,1710,19.0,0,0,0,0,0,0,1,0,0.0,0.0,0.0,0.0,0,1,0,0.00,0.00,0.00,0.00,0.00,0.00,0.00,0.00,0.00,0.00
Demba Seck,MF,2001,9,5,425,4.7,0,0,0,0,0,0,1,0,0.3,0.3,0.1,0.5,23,12,25,0.00,0.00,0.00,0.00,0.00,0.07,0.03,0.10,0.07,0.10
Demba Seck,FW,2001,5,3,197,2.2,0,0,0,0,0,0,0,0,0.2,0.2,0.0,0.2,4,5,8,0.00,0.00,0.00,0.00,0.00,0.11,0.00,0.11,0.11,0.11
Vivaldo Semedo,FW,2005,1,0,12,0.1,0,0,0,0,0,0,0,0,0.0,0.0,0.0,0.0,1,0,0,0.00,0.00,0.00,0.00,0.00,0.00,0.00,0.00,0.00,0.00
Stefano Sensi,MF,1995,3,0,30,0.3,0,0,0,0,0,0,0,0,0.1,0.1,0.1,0.2,3,3,4,0.00,0.00,0.00,0.00,0.00,0.25,0.29,0.54,0.25,0.54
Suat Serdar,MF,1997,14,8,749,8.3,0,1,1,0,0,0,2,0,0.3,0.3,0.3,0.6,8,19,17,0.00,0.12,0.12,0.00,0.12,0.04,0.04,0.07,0.04,0.07
Stephan El Shaarawy,"FW,DF",1992,22,12,1133,12.6,3,3,6,3,0,0,1,0,1.7,1.7,1.5,3.2,36,29,80,0.24,0.24,0.48,0.24,0.48,0.14,0.12,0.26,0.14,0.26
Eldor Shomurodov,"FW,MF",1995,11,2,319,3.5,0,2,2,0,0,0,0,0,0.2,0.2,1.0,1.2,6,10,22,0.00,0.56,0.56,0.00,0.56,0.06,0.28,0.34,0.06,0.34
Steven Shpendi,"FW,MF",2003,11,4,397,4.4,0,1,1,0,0,0,0,0,0.4,0.4,0.5,0.9,3,6,31,0.00,0.23,0.23,0.00,0.23,0.09,0.10,0.19,0.09,0.19
Marco Silvestri,GK,1991,17,17,1530,17.0,0,0,0,0,0,0,0,0,0.0,0.0,0.0,0.0,0,0,0,0.00,0.00,0.00,0.00,0.00,0.00,0.00,0.00,0.00,0.00
Giovanni Simeone,FW,1995,19,6,611,6.8,1,0,1,1,0,0,3,0,3.0,3.0,0.4,3.4,7,8,55,0.15,0.00,0.15,0.15,0.15,0.45,0.05,0.50,0.45,0.50
Jan-Carlo Simic,DF,2005,4,0,146,1.6,1,0,1,1,0,0,0,0,0.6,0.6,0.0,0.6,0,6,0,0.62,0.00,0.62,0.62,0.62,0.38,0.00,0.38,0.38,0.38
Leo Skiri Østigård,DF,1999,16,11,966,10.7,1,0,1,1,0,0,3,0,0.4,0.4,0.1,0.5,9,37,2,0.09,0.00,0.09,0.09,0.09,0.04,0.01,0.05,0.04,0.05
Łukasz Skorupski,GK,1991,23,23,2070,23.0,0,0,0,0,0,0,2,0,0.0,0.0,0.0,0.0,0,1,0,0.00,0.00,0.00,0.00,0.00,0.00,0.00,0.00,0.00,0.00
Chris Smalling,DF,1989,5,4,330,3.7,0,0,0,0,0,0,0,0,0.0,0.0,0.4,0.4,1,12,1,0.00,0.00,0.00,0.00,0.00,0.01,0.10,0.11,0.01,0.11
Andrea Sodero,MF,2004,1,0,5,0.1,0,0,0,0,0,0,0,0,0.0,0.0,0.0,0.0,0,0,1,0.00,0.00,0.00,0.00,0.00,0.00,0.00,0.00,0.00,0.00
Ola Solbakken,FW,1998,1,0,23,0.3,0,0,0,0,0,0,0,0,0.0,0.0,0.0,0.0,1,0,4,0.00,0.00,0.00,0.00,0.00,0.00,0.00,0.00,0.00,0.00
Player,Pos,Born,MP,Starts,Min,90s,Gls,Ast,G+A,G-PK,PK,PKatt,CrdY,CrdR,xG,npxG,xAG,npxG+xAG,PrgC,PrgP,PrgR,Gls,Ast,G+A,G-PK,G+A-PK,xG,xAG,xG+xAG,npxG,npxG+xAG
Yann Sommer,GK,1988,24,24,2160,24.0,0,0,0,0,0,0,1,0,0.0,0.0,0.0,0.0,0,0,0,0.00,0.00,0.00,0.00,0.00,0.00,0.00,0.00,0.00,0.00
Brandon Soppy,DF,2002,5,2,178,2.0,0,0,0,0,0,0,0,0,0.0,0.0,0.1,0.1,9,6,3,0.00,0.00,0.00,0.00,0.00,0.00,0.04,0.04,0.00,0.04
Alessandro Sorrentino,GK,2002,5,3,368,4.1,0,0,0,0,0,0,0,0,0.0,0.0,0.0,0.0,0,0,0,0.00,0.00,0.00,0.00,0.00,0.00,0.00,0.00,0.00,0.00
Riccardo Sottil,FW,1999,15,8,685,7.6,1,1,2,1,0,0,0,0,1.6,1.6,0.8,2.4,43,17,91,0.13,0.13,0.26,0.13,0.26,0.21,0.10,0.31,0.21,0.31
Matìas Soulé,"FW,MF",2003,24,24,2087,23.2,10,2,12,6,4,4,3,0,7.8,4.6,4.3,9.0,79,139,149,0.43,0.09,0.52,0.26,0.34,0.34,0.19,0.52,0.20,0.39
Djed Spence,"DF,MF",2000,4,3,238,2.6,0,0,0,0,0,0,0,0,0.1,0.1,0.0,0.1,7,6,8,0.00,0.00,0.00,0.00,0.00,0.05,0.00,0.05,0.05,0.05
Leonardo Spinazzola,DF,1993,18,13,1096,12.2,1,2,3,1,0,0,0,0,0.2,0.2,2.8,3.0,90,39,59,0.08,0.16,0.25,0.08,0.25,0.02,0.23,0.25,0.02,0.25
Marco Sportiello,GK,1992,2,2,180,2.0,0,0,0,0,0,0,0,0,0.0,0.0,0.0,0.0,0,0,0,0.00,0.00,0.00,0.00,0.00,0.00,0.00,0.00,0.00,0.00
Trivante Stewart,"FW,MF",2000,4,0,100,1.1,0,0,0,0,0,0,0,0,0.1,0.1,0.1,0.1,2,0,6,0.00,0.00,0.00,0.00,0.00,0.06,0.05,0.12,0.06,0.12
Gabriel Strefezza,FW,1997,19,13,1112,12.4,1,0,1,0,1,1,4,0,2.5,1.7,1.2,2.8,34,54,81,0.08,0.00,0.08,0.00,0.00,0.20,0.09,0.29,0.14,0.23
Kevin Strootman,MF,1990,17,12,862,9.6,0,2,2,0,0,0,3,0,0.1,0.1,1.2,1.3,9,43,14,0.00,0.21,0.21,0.00,0.21,0.01,0.13,0.14,0.01,0.14
Isaac Success,FW,1996,21,7,752,8.4,0,1,1,0,0,1,4,0,2.4,1.6,1.0,2.6,14,13,46,0.00,0.12,0.12,0.00,0.12,0.29,0.12,0.41,0.19,0.31
Ibrahim Sulemana,MF,2003,13,11,858,9.5,1,0,1,1,0,0,3,0,0.4,0.4,0.1,0.5,10,20,11,0.10,0.00,0.10,0.10,0.10,0.04,0.01,0.05,0.04,0.05
Tomáš Suslov,"MF,FW",2002,20,16,1420,15.8,1,3,4,0,1,1,5,0,2.3,1.3,2.0,3.4,32,45,52,0.06,0.19,0.25,0.00,0.19,0.14,0.13,0.27,0.08,0.21
Mile Svilar,GK,1999,3,3,270,3.0,0,0,0,0,0,0,0,0,0.0,0.0,0.0,0.0,0,0,0,0.00,0.00,0.00,0.00,0.00,0.00,0.01,0.01,0.00,0.01
Karol Świderski,"FW,MF",1997,4,2,170,1.9,0,0,0,0,0,0,0,0,0.1,0.1,0.2,0.3,0,4,3,0.00,0.00,0.00,0.00,0.00,0.06,0.08,0.14,0.06,0.14
Wojciech Szczęsny,GK,1990,24,24,2160,24.0,0,0,0,0,0,0,0,0,0.0,0.0,0.0,0.0,0,0,0,0.00,0.00,0.00,0.00,0.00,0.00,0.00,0.00,0.00,0.00
Przemysław Szymiński,MF,1994,1,0,9,0.1,0,0,0,0,0,0,0,0,0.0,0.0,0.0,0.0,0,0,0,0.00,0.00,0.00,0.00,0.00,0.00,0.00,0.00,0.00,0.00
Adrien Tameze,"DF,MF",1994,21,17,1495,16.6,0,2,2,0,0,0,5,0,0.2,0.2,1.2,1.4,16,69,26,0.00,0.12,0.12,0.00,0.12,0.01,0.07,0.08,0.01,0.08
Elayis Tavsan,"MF,FW",2001,2,0,33,0.4,0,0,0,0,0,0,0,0,0.0,0.0,0.0,0.0,1,1,0,0.00,0.00,0.00,0.00,0.00,0.00,0.00,0.00,0.00,0.00
Loum Tchaouna,"FW,MF",2003,21,11,1058,11.8,1,3,4,1,0,0,2,0,0.8,0.8,0.8,1.5,39,25,61,0.09,0.26,0.34,0.09,0.34,0.06,0.07,0.13,0.06,0.13
Jackson Tchatchoua,DF,2001,18,13,1203,13.4,0,2,2,0,0,0,1,0,0.0,0.0,1.2,1.2,26,48,55,0.00,0.15,0.15,0.00,0.15,0.00,0.09,0.09,0.00,0.09
Filippo Terracciano,DF,2003,18,14,1296,14.4,0,1,1,0,0,0,1,0,0.3,0.3,1.0,1.3,26,51,28,0.00,0.07,0.07,0.00,0.07,0.02,0.07,0.09,0.02,0.09
Filippo Terracciano,FW,2003,1,0,4,0.0,0,0,0,0,0,0,1,0,0.0,0.0,0.0,0.0,0,0,0,0.00,0.00,0.00,0.00,0.00,0.00,0.00,0.00,0.00,0.00
Pietro Terracciano,GK,1990,24,24,2160,24.0,0,0,0,0,0,0,3,0,0.0,0.0,0.2,0.2,0,0,0,0.00,0.00,0.00,0.00,0.00,0.00,0.01,0.01,0.00,0.01
Player,Pos,Born,MP,Starts,Min,90s,Gls,Ast,G+A,G-PK,PK,PKatt,CrdY,CrdR,xG,npxG,xAG,npxG+xAG,PrgC,PrgP,PrgR,Gls,Ast,G+A,G-PK,G+A-PK,xG,xAG,xG+xAG,npxG,npxG+xAG
Florian Thauvin,FW,1993,24,14,1262,14.0,4,1,5,3,1,1,4,0,3.8,3.0,2.8,5.8,53,49,77,0.29,0.07,0.36,0.21,0.29,0.27,0.20,0.47,0.21,0.41
Malick Thiaw,DF,2001,13,13,1104,12.3,0,1,1,0,0,0,3,1,0.3,0.3,0.1,0.4,13,48,0,0.00,0.08,0.08,0.00,0.08,0.03,0.01,0.03,0.03,0.03
Morten Thorsby,MF,1996,14,5,680,7.6,1,1,2,1,0,0,1,0,1.0,1.0,0.8,1.8,1,23,22,0.13,0.13,0.26,0.13,0.26,0.13,0.11,0.23,0.13,0.23
Kristian Thorstvedt,MF,1999,22,18,1516,16.8,4,0,4,4,0,0,4,0,3.2,3.2,1.1,4.3,23,88,61,0.24,0.00,0.24,0.24,0.24,0.19,0.06,0.26,0.19,0.26
Marcus Thuram,FW,1997,24,24,1824,20.3,10,7,17,10,0,0,3,0,11.8,11.8,1.8,13.6,48,33,134,0.49,0.35,0.84,0.49,0.84,0.58,0.09,0.67,0.58,0.67
Antonio Tikvić,DF,2004,1,0,1,0.0,0,0,0,0,0,0,0,0,0.0,0.0,0.0,0.0,0,0,0,0.00,0.00,0.00,0.00,0.00,0.00,0.00,0.00,0.00,0.00
Jeremy Toljan,DF,1994,18,18,1614,17.9,0,5,5,0,0,0,1,0,0.4,0.4,1.4,1.8,34,60,64,0.00,0.28,0.28,0.00,0.28,0.02,0.08,0.10,0.02,0.10
Rafael Tolói,DF,1990,10,4,448,5.0,0,0,0,0,0,0,4,1,0.0,0.0,0.0,0.1,5,19,2,0.00,0.00,0.00,0.00,0.00,0.00,0.01,0.01,0.00,0.01
Fikayo Tomori,DF,1997,16,16,1384,15.4,3,0,3,3,0,0,4,1,2.3,2.3,0.0,2.3,13,52,1,0.20,0.00,0.20,0.20,0.20,0.15,0.00,0.15,0.15,0.15
Ahmed Touba,DF,1998,6,3,277,3.1,0,0,0,0,0,0,1,0,0.0,0.0,0.0,0.0,0,2,1,0.00,0.00,0.00,0.00,0.00,0.01,0.00,0.01,0.01,0.01
Chaka Traorè,FW,2004,2,0,20,0.2,1,0,1,1,0,0,0,0,0.1,0.1,0.0,0.1,2,0,2,4.50,0.00,4.50,4.50,4.50,0.35,0.00,0.35,0.35,0.35
Stefano Turati,GK,2001,24,24,2160,24.0,0,0,0,0,0,0,0,0,0.0,0.0,0.0,0.0,0,0,0,0.00,0.00,0.00,0.00,0.00,0.00,0.00,0.00,0.00,0.00
Kacper Urbanski,"FW,MF",2004,13,5,475,5.3,0,0,0,0,0,0,2,0,0.5,0.5,0.3,0.7,15,11,54,0.00,0.00,0.00,0.00,0.00,0.09,0.05,0.13,0.09,0.13
Emanuele Valeri,DF,1998,4,3,284,3.2,0,0,0,0,0,0,1,0,0.0,0.0,0.2,0.3,11,7,19,0.00,0.00,0.00,0.00,0.00,0.01,0.08,0.09,0.01,0.09
Johan Vásquez,DF,1998,26,21,1878,20.9,0,0,0,0,0,0,4,0,1.3,1.3,0.5,1.8,17,49,43,0.00,0.00,0.00,0.00,0.00,0.06,0.03,0.09,0.06,0.09
Matías Vecino,MF,1991,19,1,503,5.6,3,1,4,3,0,0,5,0,1.7,1.7,0.1,1.8,5,30,21,0.54,0.18,0.72,0.54,0.72,0.30,0.02,0.32,0.30,0.32
Lorenzo Venuti,DF,1995,7,2,204,2.3,0,0,0,0,0,0,1,0,0.0,0.0,0.1,0.1,1,7,5,0.00,0.00,0.00,0.00,0.00,0.01,0.04,0.05,0.01,0.05
Simone Verdi,FW,1992,1,0,4,0.0,0,0,0,0,0,0,0,0,0.0,0.0,0.1,0.1,0,0,0,0.00,0.00,0.00,0.00,0.00,0.00,1.50,1.50,0.00,1.50
Emanuel Vignato,MF,2000,1,0,4,0.0,0,0,0,0,0,0,0,0,0.0,0.0,0.0,0.0,0,0,0,0.00,0.00,0.00,0.00,0.00,0.00,0.00,0.00,0.00,0.00
Samuele Vignato,"MF,FW",2004,10,3,343,3.8,1,0,1,1,0,0,2,0,1.7,1.7,0.2,1.8,13,13,20,0.26,0.00,0.26,0.26,0.26,0.44,0.04,0.48,0.44,0.48
Matías Viña,DF,1997,15,13,1014,11.3,0,3,3,0,0,0,1,0,0.3,0.3,1.4,1.7,24,46,37,0.00,0.27,0.27,0.00,0.27,0.03,0.12,0.15,0.03,0.15
Rúben Vinagre,"FW,MF",1999,4,0,75,0.8,0,0,0,0,0,0,0,0,0.0,0.0,0.1,0.1,2,1,5,0.00,0.00,0.00,0.00,0.00,0.00,0.08,0.08,0.00,0.08
Nicolas Viola,"MF,FW",1989,18,10,983,10.9,3,2,5,3,0,1,3,0,2.5,1.7,3.0,4.7,19,44,56,0.27,0.18,0.46,0.27,0.46,0.23,0.27,0.50,0.16,0.43
Mattia Viti,DF,2002,9,7,623,6.9,0,0,0,0,0,0,0,0,0.1,0.1,0.0,0.1,1,25,8,0.00,0.00,0.00,0.00,0.00,0.01,0.00,0.02,0.01,0.02
Vitinha,"FW,DF",2000,3,0,23,0.3,0,0,0,0,0,0,1,0,0.1,0.1,0.0,0.1,0,2,2,0.00,0.00,0.00,0.00,0.00,0.40,0.00,0.40,0.40,0.40
Player,Pos,Born,MP,Starts,Min,90s,Gls,Ast,G+A,G-PK,PK,PKatt,CrdY,CrdR,xG,npxG,xAG,npxG+xAG,PrgC,PrgP,PrgR,Gls,Ast,G+A,G-PK,G+A-PK,xG,xAG,xG+xAG,npxG,npxG+xAG
Dušan Vlahović,FW,2000,23,18,1584,17.6,15,4,19,13,2,4,4,0,12.4,9.1,1.5,10.6,23,33,115,0.85,0.23,1.08,0.74,0.97,0.70,0.09,0.79,0.52,0.60
Nikola Vlašić,"MF,FW",1997,24,21,1861,20.7,2,2,4,2,0,0,3,0,1.6,1.6,2.5,4.1,45,105,128,0.10,0.10,0.19,0.10,0.19,0.08,0.12,0.20,0.08,0.20
Alessandro Vogliacco,DF,1998,12,6,566,6.3,0,0,0,0,0,0,3,0,0.0,0.0,0.1,0.2,5,22,7,0.00,0.00,0.00,0.00,0.00,0.01,0.02,0.02,0.01,0.02
Mërgim Vojvoda,DF,1995,18,8,792,8.8,0,1,1,0,0,0,1,0,0.3,0.3,0.6,0.9,20,62,52,0.00,0.11,0.11,0.00,0.11,0.03,0.07,0.10,0.03,0.10
Cristian Volpato,"MF,FW",2003,13,2,350,3.9,1,0,1,1,0,0,0,0,0.3,0.3,1.2,1.6,21,30,33,0.26,0.00,0.26,0.26,0.26,0.09,0.32,0.40,0.09,0.40
Stefan de Vrij,DF,1992,19,12,1133,12.6,1,0,1,1,0,0,0,0,0.6,0.6,0.2,0.8,2,22,1,0.08,0.00,0.08,0.08,0.08,0.04,0.02,0.06,0.04,0.06
Walace,MF,1995,26,26,2253,25.0,2,0,2,2,0,0,4,0,0.7,0.7,1.0,1.7,29,87,15,0.08,0.00,0.08,0.08,0.08,0.03,0.04,0.07,0.03,0.07
Sebastian Walukiewicz,DF,2000,17,15,1333,14.8,0,0,0,0,0,0,5,0,0.1,0.1,0.1,0.2,11,33,2,0.00,0.00,0.00,0.00,0.00,0.01,0.01,0.02,0.01,0.02
Timothy Weah,"DF,FW",2000,21,8,852,9.5,0,1,1,0,0,0,2,0,1.5,1.5,1.1,2.6,23,30,57,0.00,0.11,0.11,0.00,0.11,0.16,0.12,0.28,0.16,0.28
Shon Weissman,"FW,DF",1996,3,1,137,1.5,1,0,1,1,0,0,0,0,0.8,0.8,0.1,0.9,0,0,5,0.66,0.00,0.66,0.66,0.66,0.54,0.05,0.59,0.54,0.59
Mateusz Wieteska,DF,1997,10,8,697,7.7,0,1,1,0,0,0,5,1,0.2,0.2,0.6,0.8,8,21,1,0.00,0.13,0.13,0.00,0.13,0.03,0.07,0.10,0.03,0.10
Kenan Yıldız,"FW,DF",2005,16,7,561,6.2,1,0,1,1,0,0,1,0,1.1,1.1,0.4,1.5,19,26,39,0.16,0.00,0.16,0.16,0.16,0.17,0.06,0.23,0.17,0.23
Mattia Zaccagni,FW,1995,19,16,1336,14.8,3,0,3,3,0,0,5,0,3.1,3.1,1.4,4.5,65,38,147,0.20,0.00,0.20,0.20,0.20,0.21,0.09,0.30,0.21,0.30
Nicola Zalewski,"DF,FW",2002,17,7,693,7.7,0,1,1,0,0,0,3,1,0.4,0.4,1.2,1.6,37,25,36,0.00,0.13,0.13,0.00,0.13,0.05,0.15,0.20,0.05,0.20
Andre-Frank Zambo Anguissa,MF,1995,21,19,1650,18.3,0,0,0,0,0,0,1,0,1.9,1.9,1.3,3.2,25,96,74,0.00,0.00,0.00,0.00,0.00,0.10,0.07,0.17,0.10,0.17
Alessandro Zanoli,DF,2000,6,4,335,3.7,0,0,0,0,0,0,1,0,0.0,0.0,0.4,0.4,8,8,19,0.00,0.00,0.00,0.00,0.00,0.01,0.10,0.12,0.01,0.12
Alessandro Zanoli,"DF,FW",2000,4,0,52,0.6,0,0,0,0,0,0,1,0,0.0,0.0,0.0,0.0,2,4,3,0.00,0.00,0.00,0.00,0.00,0.00,0.00,0.00,0.00,0.00
Duván Zapata,FW,1991,23,22,1876,20.8,8,3,11,8,0,0,0,0,7.0,7.0,2.4,9.3,53,35,169,0.38,0.14,0.53,0.38,0.53,0.33,0.11,0.45,0.33,0.45
Duván Zapata,FW,1991,2,2,112,1.2,1,0,1,1,0,0,0,0,0.4,0.4,0.1,0.5,3,3,13,0.80,0.00,0.80,0.80,0.80,0.33,0.10,0.44,0.33,0.44
Gabriele Zappa,DF,1999,26,18,1835,20.4,1,1,2,1,0,0,2,0,1.3,1.3,1.3,2.6,25,73,60,0.05,0.05,0.10,0.05,0.10,0.06,0.06,0.13,0.06,0.13
Davide Zappacosta,"DF,MF",1992,21,14,1178,13.1,2,1,3,2,0,0,4,0,2.0,2.0,1.2,3.1,49,46,90,0.15,0.08,0.23,0.15,0.23,0.15,0.09,0.24,0.15,0.24
Oier Zarraga,"MF,DF",1999,8,1,113,1.3,1,0,1,1,0,0,0,0,0.4,0.4,0.0,0.5,3,4,5,0.80,0.00,0.80,0.80,0.80,0.32,0.04,0.36,0.32,0.36
Jordan Zemura,DF,1999,19,10,919,10.2,1,0,1,1,0,0,1,0,0.8,0.8,0.3,1.1,22,26,45,0.10,0.00,0.10,0.10,0.10,0.08,0.03,0.10,0.08,0.10
Alessio Zerbin,"DF,MF",1999,3,1,117,1.3,0,0,0,0,0,0,0,0,0.0,0.0,0.1,0.1,3,3,11,0.00,0.00,0.00,0.00,0.00,0.00,0.08,0.08,0.00,0.08
Alessio Zerbin,"FW,DF",1999,7,1,150,1.7,0,0,0,0,0,0,0,0,0.2,0.2,0.6,0.9,6,3,18,0.00,0.00,0.00,0.00,0.00,0.15,0.37,0.52,0.15,0.52
Player,Pos,Born,MP,Starts,Min,90s,Gls,Ast,G+A,G-PK,PK,PKatt,CrdY,CrdR,xG,npxG,xAG,npxG+xAG,PrgC,PrgP,PrgR,Gls,Ast,G+A,G-PK,G+A-PK,xG,xAG,xG+xAG,npxG,npxG+xAG
Kevin Zeroli,MF,2005,2,0,19,0.2,0,0,0,0,0,0,0,0,0.0,0.0,0.0,0.0,0,1,2,0.00,0.00,0.00,0.00,0.00,0.00,0.00,0.00,0.00,0.00
Piotr Zieliński,MF,1994,21,19,1538,17.1,2,2,4,1,1,1,1,0,1.9,1.2,3.1,4.3,30,108,67,0.12,0.12,0.23,0.06,0.18,0.11,0.18,0.30,0.07,0.25
David Zima,DF,2000,5,0,91,1.0,0,0,0,0,0,0,0,0,0.0,0.0,0.0,0.0,1,1,0,0.00,0.00,0.00,0.00,0.00,0.00,0.00,0.00,0.00,0.00
Joshua Zirkzee,FW,2001,25,24,2096,23.3,9,3,12,8,1,1,5,0,7.3,6.5,3.4,9.9,35,62,138,0.39,0.13,0.52,0.34,0.47,0.31,0.15,0.46,0.28,0.43
Nadir Zortea,DF,1999,2,2,180,2.0,0,2,2,0,0,0,1,0,0.0,0.0,1.1,1.2,5,3,7,0.00,1.00,1.00,0.00,1.00,0.00,0.57,0.58,0.00,0.58
Nadir Zortea,DF,1999,5,0,149,1.7,1,0,1,1,0,0,1,0,0.1,0.1,0.3,0.4,7,10,22,0.60,0.00,0.60,0.60,0.60,0.05,0.16,0.21,0.05,0.21
Szymon Żurkowski,MF,1997,6,5,451,5.0,4,0,4,4,0,0,2,0,0.7,0.7,0.1,0.8,15,15,22,0.80,0.00,0.80,0.80,0.80,0.14,0.02,0.16,0.14,0.16
Milan Đurić,FW,1990,20,13,1204,13.4,5,1,6,4,1,3,2,0,4.5,2.2,1.2,3.4,3,15,33,0.37,0.07,0.45,0.30,0.37,0.34,0.09,0.43,0.16,0.25
Milan Đurić,FW,1990,5,3,307,3.4,0,1,1,0,0,0,1,0,0.5,0.5,0.6,1.1,1,2,10,0.00,0.29,0.29,0.00,0.29,0.15,0.17,0.33,0.15,0.33
Mateusz Łęgowski,MF,2003,22,9,923,10.3,0,0,0,0,0,0,3,0,0.2,0.2,0.2,0.4,14,33,13,0.00,0.00,0.00,0.00,0.00,0.02,0.02,0.04,0.02,0.04
